0.000000000000000e+000	1.000000e+000	3.151880e-001
1.953125022824409e-010	1.000002e+000	3.151880e-001
5.731026852687625e-008	1.000573e+000	3.151880e-001
1.144252245514701e-007	1.001144e+000	3.151881e-001
1.715401805760639e-007	1.001715e+000	3.151882e-001
2.286551366006577e-007	1.002287e+000	3.151884e-001
2.857700926252515e-007	1.002858e+000	3.151886e-001
3.428850486498453e-007	1.003429e+000	3.151889e-001
4.000000046744390e-007	1.004000e+000	3.151893e-001
8.000000093488779e-007	1.008000e+000	3.151938e-001
1.600000018697756e-006	1.015999e+000	3.152164e-001
3.200000037395512e-006	1.031995e+000	3.153717e-001
6.400000074791024e-006	1.063956e+000	3.174182e-001
1.280000014958205e-005	1.127651e+000	3.338667e-001
2.060687013847594e-005	1.204613e+000	3.797181e-001
2.834002306653024e-005	1.279622e+000	4.464850e-001
3.711062733390924e-005	1.362647e+000	5.295619e-001
4.613290353153834e-005	1.445139e+000	6.127759e-001
5.589852853153835e-005	1.530326e+000	6.989512e-001
6.566415353153834e-005	1.610460e+000	7.804878e-001
7.542977853153834e-005	1.684777e+000	8.565681e-001
8.519540353153833e-005	1.752569e+000	9.265380e-001
9.496102853153833e-005	1.813189e+000	9.898191e-001
1.047266535315383e-004	1.866060e+000	1.045928e+000
1.144922785315383e-004	1.910678e+000	1.094494e+000
1.242579035315383e-004	1.946619e+000	1.135280e+000
1.340235285315383e-004	1.973538e+000	1.168226e+000
1.437891535315383e-004	1.991181e+000	1.193497e+000
1.535547785315383e-004	1.999379e+000	1.211542e+000
1.633204035315384e-004	1.998053e+000	1.223175e+000
1.730860285315384e-004	1.987217e+000	1.229602e+000
1.828516535315384e-004	1.966974e+000	1.232307e+000
1.926172785315384e-004	1.937516e+000	1.232766e+000
2.023829035315384e-004	1.899124e+000	1.232129e+000
2.121485285315384e-004	1.852164e+000	1.231077e+000
2.219141535315384e-004	1.797084e+000	1.229906e+000
2.316797785315384e-004	1.734409e+000	1.228710e+000
2.414454035315384e-004	1.664735e+000	1.227511e+000
2.512110285315384e-004	1.588726e+000	1.226313e+000
2.609766535315384e-004	1.507108e+000	1.225116e+000
2.805079035315384e-004	1.330198e+000	1.222726e+000
2.888784392458241e-004	1.248671e+000	1.221702e+000
2.972489749601099e-004	1.166841e+000	1.220680e+000
3.056195106743956e-004	1.084709e+000	1.219659e+000
3.139900463886813e-004	1.002274e+000	1.218639e+000
3.223605821029671e-004	9.195366e-001	1.217619e+000
3.307311178172528e-004	8.364967e-001	1.216600e+000
3.391016535315385e-004	7.531543e-001	1.215582e+000
3.586329035315385e-004	5.697801e-001	1.213210e+000
3.683985285315385e-004	4.838133e-001	1.212026e+000
3.781641535315385e-004	4.027654e-001	1.210843e+000
3.879297785315385e-004	3.274086e-001	1.209661e+000
3.976954035315385e-004	2.584610e-001	1.208480e+000
4.074610285315385e-004	1.965797e-001	1.207301e+000
4.172266535315385e-004	1.423543e-001	1.206122e+000
4.269922785315386e-004	9.630153e-002	1.204945e+000
4.367579035315386e-004	5.886029e-002	1.203769e+000
4.465235285315386e-004	3.038732e-002	1.202594e+000
4.562891535315386e-004	1.115395e-002	1.201420e+000
4.660547785315386e-004	1.343454e-003	1.200247e+000
4.758204035315386e-004	1.049326e-003	1.199076e+000
4.855860285315386e-004	1.027437e-002	1.197906e+000
4.953516535315386e-004	2.893067e-002	1.196736e+000
5.051172785315386e-004	5.684045e-002	1.195568e+000
5.148829035315386e-004	9.373775e-002	1.194401e+000
5.246485285315386e-004	1.392710e-001	1.193235e+000
5.344141535315386e-004	1.930062e-001	1.192071e+000
5.441797785315386e-004	2.544315e-001	1.190907e+000
5.539454035315386e-004	3.229614e-001	1.189745e+000
5.637110285315386e-004	3.979429e-001	1.188583e+000
5.734766535315386e-004	4.786614e-001	1.187423e+000
5.832422785315386e-004	5.643480e-001	1.186264e+000
5.930079035315387e-004	6.541859e-001	1.185106e+000
6.125391535315387e-004	8.428602e-001	1.182794e+000
6.209096892458244e-004	9.274302e-001	1.181804e+000
6.292802249601101e-004	1.011064e+000	1.180815e+000
6.376507606743959e-004	1.093761e+000	1.179827e+000
6.460212963886816e-004	1.175521e+000	1.178840e+000
6.543918321029673e-004	1.256345e+000	1.177854e+000
6.627623678172530e-004	1.336232e+000	1.176868e+000
6.711329035315387e-004	1.415183e+000	1.175884e+000
6.808985285315387e-004	1.501905e+000	1.174736e+000
6.906641535315387e-004	1.583845e+000	1.173589e+000
7.004297785315387e-004	1.660221e+000	1.172444e+000
7.101954035315388e-004	1.730305e+000	1.171304e+000
7.199610285315388e-004	1.793431e+000	1.170204e+000
7.297266535315388e-004	1.848995e+000	1.169369e+000
7.394922785315388e-004	1.896470e+000	1.169734e+000
7.492579035315388e-004	1.935402e+000	1.173446e+000
7.590235285315388e-004	1.965420e+000	1.182568e+000
7.687891535315388e-004	1.986239e+000	1.196288e+000
7.785547785315388e-004	1.997659e+000	1.210746e+000
7.883204035315388e-004	1.999573e+000	1.222262e+000
7.980860285315388e-004	1.991962e+000	1.229506e+000
8.078516535315388e-004	1.974898e+000	1.232999e+000
8.176172785315389e-004	1.948544e+000	1.233956e+000
8.273829035315389e-004	1.913151e+000	1.233553e+000
8.371485285315389e-004	1.869057e+000	1.232581e+000
8.469141535315389e-004	1.816681e+000	1.231430e+000
8.566797785315389e-004	1.756523e+000	1.230237e+000
8.664454035315389e-004	1.689156e+000	1.229037e+000
8.762110285315389e-004	1.615222e+000	1.227837e+000
8.859766535315389e-004	1.535425e+000	1.226639e+000
9.055079035315389e-004	1.361335e+000	1.224246e+000
9.348047785315390e-004	1.076655e+000	1.220664e+000
9.641016535315390e-004	7.854427e-001	1.217093e+000
9.836329035315390e-004	5.999686e-001	1.214718e+000
9.933985285315390e-004	5.125147e-001	1.213533e+000
1.003164153531539e-003	4.297061e-001	1.212348e+000
1.012929778531539e-003	3.523320e-001	1.211165e+000
1.022695403531539e-003	2.811295e-001	1.209983e+000
1.032461028531539e-003	2.167773e-001	1.208802e+000
1.042226653531539e-003	1.598886e-001	1.207622e+000
1.051992278531539e-003	1.110054e-001	1.206443e+000
1.061757903531539e-003	7.059363e-002	1.205265e+000
1.071523528531539e-003	3.903830e-002	1.204089e+000
1.081289153531539e-003	1.664014e-002	1.202914e+000
1.091054778531539e-003	3.612576e-003	1.201739e+000
1.100820403531539e-003	7.975420e-005	1.200567e+000
1.110586028531539e-003	6.075339e-003	1.199395e+000
1.120351653531539e-003	2.154220e-002	1.198224e+000
1.130117278531539e-003	4.633294e-002	1.197054e+000
1.139882903531539e-003	8.021134e-002	1.195886e+000
1.149648528531539e-003	1.228546e-001	1.194719e+000
1.159414153531539e-003	1.738562e-001	1.193552e+000
1.169179778531539e-003	2.327304e-001	1.192387e+000
1.178945403531539e-003	2.989160e-001	1.191224e+000
1.188711028531539e-003	3.717823e-001	1.190061e+000
1.198476653531539e-003	4.506350e-001	1.188899e+000
1.208242278531539e-003	5.347227e-001	1.187739e+000
1.218007903531539e-003	6.232442e-001	1.186579e+000
1.237539153531539e-003	8.101797e-001	1.184264e+000
1.245909689245825e-003	8.943867e-001	1.183273e+000
1.254280224960111e-003	9.778861e-001	1.182283e+000
1.262650760674396e-003	1.060678e+000	1.181294e+000
1.271021296388682e-003	1.142762e+000	1.180306e+000
1.279391832102968e-003	1.224139e+000	1.179318e+000
1.287762367817254e-003	1.304808e+000	1.178331e+000
1.296132903531539e-003	1.384770e+000	1.177345e+000
1.305898528531539e-003	1.472931e+000	1.176196e+000
1.315664153531539e-003	1.556586e+000	1.175048e+000
1.325429778531539e-003	1.634937e+000	1.173901e+000
1.335195403531539e-003	1.707238e+000	1.172757e+000
1.344961028531539e-003	1.772799e+000	1.171633e+000
1.354726653531539e-003	1.830996e+000	1.170646e+000
1.364492278531539e-003	1.881274e+000	1.170387e+000
1.374257903531539e-003	1.923155e+000	1.172558e+000
1.384023528531539e-003	1.956239e+000	1.179525e+000
1.393789153531539e-003	1.980210e+000	1.191754e+000
1.403554778531539e-003	1.994841e+000	1.206257e+000
1.413320403531539e-003	1.999992e+000	1.218949e+000
1.422994177557379e-003	1.995700e+000	1.227544e+000
1.432759802557379e-003	1.981923e+000	1.232195e+000
1.442525427557379e-003	1.958789e+000	1.233884e+000
1.452291052557379e-003	1.926519e+000	1.233841e+000
1.462056677557379e-003	1.885420e+000	1.233005e+000
1.471822302557379e-003	1.835883e+000	1.231892e+000
1.481587927557379e-003	1.778382e+000	1.230706e+000
1.491353552557379e-003	1.713463e+000	1.229507e+000
1.501119177557379e-003	1.641745e+000	1.228307e+000
1.510884802557379e-003	1.563912e+000	1.227108e+000
1.520650427557379e-003	1.480705e+000	1.225910e+000
1.549947302557379e-003	1.206983e+000	1.222324e+000
1.558317838271665e-003	1.123005e+000	1.221301e+000
1.566688373985950e-003	1.039613e+000	1.220279e+000
1.575058909700236e-003	9.568083e-001	1.219258e+000
1.583429445414522e-003	8.745895e-001	1.218238e+000
1.591799981128807e-003	7.929570e-001	1.217219e+000
1.600170516843093e-003	7.119110e-001	1.216200e+000
1.608541052557379e-003	6.314514e-001	1.215183e+000
1.618306677557379e-003	5.425695e-001	1.213997e+000
1.628072302557379e-003	4.580466e-001	1.212812e+000
1.637837927557379e-003	3.786880e-001	1.211628e+000
1.647603552557379e-003	3.052500e-001	1.210445e+000
1.657369177557379e-003	2.384324e-001	1.209264e+000
1.667134802557379e-003	1.788719e-001	1.208084e+000
1.676900427557379e-003	1.271361e-001	1.206904e+000
1.686666052557379e-003	8.371790e-002	1.205726e+000
1.696431677557379e-003	4.903115e-002	1.204549e+000
1.706197302557379e-003	2.340632e-002	1.203374e+000
1.715962927557379e-003	7.087628e-003	1.202199e+000
1.725728552557379e-003	2.305590e-004	1.201025e+000
1.735494177557379e-003	2.900459e-003	1.199853e+000
1.745259802557379e-003	1.507189e-002	1.198682e+000
1.755025427557379e-003	3.662886e-002	1.197512e+000
1.764791052557379e-003	6.736595e-002	1.196343e+000
1.774556677557379e-003	1.069903e-001	1.195175e+000
1.784322302557379e-003	1.551242e-001	1.194009e+000
1.794087927557379e-003	2.113091e-001	1.192843e+000
1.803853552557379e-003	2.750096e-001	1.191679e+000
1.813619177557379e-003	3.456187e-001	1.190516e+000
1.823384802557379e-003	4.224634e-001	1.189354e+000
1.833150427557379e-003	5.048116e-001	1.188193e+000
1.842916052557379e-003	5.918785e-001	1.187033e+000
1.862447302557379e-003	7.768129e-001	1.184717e+000
1.870817838271665e-003	8.605501e-001	1.183726e+000
1.879188373985951e-003	9.438159e-001	1.182735e+000
1.887558909700236e-003	1.026610e+000	1.181746e+000
1.895929445414522e-003	1.108933e+000	1.180757e+000
1.904299981128808e-003	1.190785e+000	1.179769e+000
1.912670516843094e-003	1.272165e+000	1.178782e+000
1.921041052557379e-003	1.353074e+000	1.177796e+000
1.930806677557379e-003	1.442613e+000	1.176646e+000
1.940572302557379e-003	1.527935e+000	1.175498e+000
1.950337927557379e-003	1.608226e+000	1.174350e+000
1.960103552557379e-003	1.682721e+000	1.173205e+000
1.969869177557379e-003	1.750710e+000	1.172068e+000
1.979634802557379e-003	1.811545e+000	1.171003e+000
1.989400427557379e-003	1.864648e+000	1.170364e+000
1.999166052557378e-003	1.909510e+000	1.171412e+000
2.008931677557378e-003	1.945706e+000	1.176480e+000
2.018697302557378e-003	1.972890e+000	1.187036e+000
2.028462927557378e-003	1.990804e+000	1.201222e+000
2.038228552557378e-003	1.999276e+000	1.214913e+000
2.047994177557377e-003	1.998225e+000	1.225066e+000
2.057759802557377e-003	1.987662e+000	1.231010e+000
2.067525427557377e-003	1.967688e+000	1.233565e+000
2.077291052557377e-003	1.938492e+000	1.233984e+000
2.087056677557376e-003	1.900354e+000	1.233340e+000
2.096822302557376e-003	1.853636e+000	1.232285e+000
2.106587927557376e-003	1.798783e+000	1.231113e+000
2.116353552557376e-003	1.736318e+000	1.229916e+000
2.126119177557376e-003	1.666837e+000	1.228716e+000
2.135884802557375e-003	1.591002e+000	1.227517e+000
2.145650427557375e-003	1.509535e+000	1.226319e+000
2.165181677557375e-003	1.332857e+000	1.223926e+000
2.173552213271660e-003	1.251399e+000	1.222902e+000
2.181922748985946e-003	1.169619e+000	1.221879e+000
2.190293284700232e-003	1.087516e+000	1.220856e+000
2.198663820414517e-003	1.005092e+000	1.219835e+000
2.207034356128802e-003	9.223455e-001	1.218814e+000
2.215404891843088e-003	8.392769e-001	1.217794e+000
2.223775427557374e-003	7.558863e-001	1.216775e+000
2.243306677557373e-003	5.723258e-001	1.214401e+000
2.253072302557373e-003	4.862291e-001	1.213216e+000
2.262837927557373e-003	4.050281e-001	1.212032e+000
2.272603552557373e-003	3.294967e-001	1.210849e+000
2.282369177557372e-003	2.603547e-001	1.209667e+000
2.292134802557372e-003	1.982608e-001	1.208486e+000
2.301900427557372e-003	1.438069e-001	1.207306e+000
2.311666052557372e-003	9.751178e-002	1.206128e+000
2.321431677557371e-003	5.981662e-002	1.204951e+000
2.331197302557371e-003	3.108062e-002	1.203774e+000
2.340962927557371e-003	1.157762e-002	1.202600e+000
2.350728552557371e-003	1.493452e-003	1.201426e+000
2.360494177557371e-003	9.242232e-004	1.200253e+000
2.370259802557370e-003	9.875353e-003	1.199081e+000
2.380025427557370e-003	2.826155e-002	1.197911e+000
2.389791052557370e-003	5.590760e-002	1.196742e+000
2.399556677557370e-003	9.255006e-002	1.195574e+000
2.409322302557370e-003	1.378398e-001	1.194407e+000
2.419087927557369e-003	1.913451e-001	1.193241e+000
2.428853552557369e-003	2.525563e-001	1.192076e+000
2.438619177557369e-003	3.208900e-001	1.190912e+000
2.448384802557369e-003	3.956951e-001	1.189750e+000
2.458150427557369e-003	4.762586e-001	1.188589e+000
2.467916052557368e-003	5.618131e-001	1.187429e+000
2.477681677557368e-003	6.515430e-001	1.186270e+000
2.497212927557368e-003	8.400777e-001	1.183955e+000
2.506978552557368e-003	9.393743e-001	1.182799e+000
2.516744177557367e-003	1.036971e+000	1.181645e+000
2.526509802557367e-003	1.132869e+000	1.180491e+000
2.536275427557367e-003	1.227067e+000	1.179339e+000
2.546041052557367e-003	1.319566e+000	1.178188e+000
2.555806677557366e-003	1.410366e+000	1.177038e+000
2.565572302557366e-003	1.499466e+000	1.175889e+000
2.575337927557366e-003	1.581554e+000	1.174741e+000
2.585103552557366e-003	1.658101e+000	1.173595e+000
2.594869177557366e-003	1.728377e+000	1.172454e+000
2.604634802557365e-003	1.791712e+000	1.171348e+000
2.614400427557365e-003	1.847503e+000	1.170484e+000
2.624166052557365e-003	1.895218e+000	1.170735e+000
2.633931677557365e-003	1.934402e+000	1.174162e+000
2.643697302557365e-003	1.964682e+000	1.182869e+000
2.653462927557364e-003	1.985769e+000	1.196240e+000
2.663228552557364e-003	1.997463e+000	1.210558e+000
2.672994177557364e-003	1.999651e+000	1.222102e+000
2.682759802557364e-003	1.992314e+000	1.229432e+000
2.692525427557364e-003	1.975521e+000	1.233002e+000
2.702291052557363e-003	1.949432e+000	1.234009e+000
2.712056677557363e-003	1.914296e+000	1.233630e+000
2.721822302557363e-003	1.870448e+000	1.232668e+000
2.731587927557363e-003	1.818304e+000	1.231519e+000
2.741353552557363e-003	1.758363e+000	1.230325e+000
2.751119177557362e-003	1.691196e+000	1.229126e+000
2.760884802557362e-003	1.617441e+000	1.227926e+000
2.770650427557362e-003	1.537804e+000	1.226727e+000
2.790181677557361e-003	1.363961e+000	1.224334e+000
2.819478552557361e-003	1.079464e+000	1.220752e+000
2.848775427557360e-003	7.881961e-001	1.217181e+000
2.868306677557360e-003	6.025531e-001	1.214806e+000
2.878072302557360e-003	5.149773e-001	1.213620e+000
2.887837927557359e-003	4.320233e-001	1.212436e+000
2.897603552557359e-003	3.544818e-001	1.211252e+000
2.907369177557359e-003	2.830914e-001	1.210070e+000
2.917134802557359e-003	2.185326e-001	1.208889e+000
2.926900427557359e-003	1.614206e-001	1.207709e+000
2.936666052557358e-003	1.122994e-001	1.206530e+000
2.946431677557358e-003	7.163739e-002	1.205352e+000
2.956197302557358e-003	3.982186e-002	1.204176e+000
2.965962927557358e-003	1.715602e-002	1.203001e+000
2.975728552557358e-003	3.855864e-003	1.201826e+000
2.985494177557357e-003	4.813303e-005	1.200653e+000
2.995259802557357e-003	5.769110e-003	1.199481e+000
3.005025427557357e-003	2.096428e-002	1.198310e+000
3.014791052557357e-003	4.548884e-002	1.197141e+000
3.024556677557356e-003	7.910910e-002	1.195972e+000
3.034322302557356e-003	1.215047e-001	1.194805e+000
3.044087927557356e-003	1.722716e-001	1.193639e+000
3.053853552557356e-003	2.309261e-001	1.192474e+000
3.063619177557356e-003	2.969092e-001	1.191310e+000
3.073384802557355e-003	3.695921e-001	1.190147e+000
3.083150427557355e-003	4.482824e-001	1.188985e+000
3.092916052557355e-003	5.322300e-001	1.187824e+000
3.102681677557355e-003	6.206352e-001	1.186665e+000
3.122212927557354e-003	8.074136e-001	1.184350e+000
3.130583463271640e-003	8.915854e-001	1.183359e+000
3.138953998985926e-003	9.750692e-001	1.182369e+000
3.147324534700211e-003	1.057865e+000	1.181379e+000
3.155695070414496e-003	1.139973e+000	1.180391e+000
3.164065606128782e-003	1.221392e+000	1.179403e+000
3.172436141843068e-003	1.302124e+000	1.178416e+000
3.180806677557353e-003	1.382167e+000	1.177430e+000
3.190572302557353e-003	1.470446e+000	1.176281e+000
3.200337927557353e-003	1.554243e+000	1.175133e+000
3.210103552557353e-003	1.632757e+000	1.173986e+000
3.219869177557352e-003	1.705243e+000	1.172842e+000
3.229634802557352e-003	1.771007e+000	1.171716e+000
3.239400427557352e-003	1.829425e+000	1.170720e+000
3.249166052557352e-003	1.879939e+000	1.170422e+000
3.258931677557351e-003	1.922068e+000	1.172482e+000
3.268697302557351e-003	1.955410e+000	1.179278e+000
3.278462927557351e-003	1.979648e+000	1.191370e+000
3.288228552557351e-003	1.994551e+000	1.205858e+000
3.297994177557351e-003	1.999977e+000	1.218631e+000
3.307759802557350e-003	1.995874e+000	1.227410e+000
3.317525427557350e-003	1.982280e+000	1.232141e+000
3.327291052557350e-003	1.959327e+000	1.233875e+000
3.337056677557350e-003	1.927232e+000	1.233855e+000
3.346822302557350e-003	1.886301e+000	1.233028e+000
3.356587927557349e-003	1.836925e+000	1.231917e+000
3.366353552557349e-003	1.779573e+000	1.230732e+000
3.376119177557349e-003	1.714792e+000	1.229533e+000
3.385884802557349e-003	1.643201e+000	1.228333e+000
3.395650427557349e-003	1.565480e+000	1.227134e+000
3.405416052557348e-003	1.482370e+000	1.225937e+000
3.434712927557348e-003	1.208841e+000	1.222350e+000
3.443083463271633e-003	1.124890e+000	1.221327e+000
3.451453998985919e-003	1.041511e+000	1.220306e+000
3.459824534700205e-003	9.587062e-001	1.219285e+000
3.468195070414490e-003	8.764743e-001	1.218264e+000
3.476565606128775e-003	7.948156e-001	1.217245e+000
3.484936141843061e-003	7.137302e-001	1.216227e+000
3.493306677557346e-003	6.332180e-001	1.215209e+000
3.503072302557346e-003	5.442596e-001	1.214023e+000
3.512837927557346e-003	4.596440e-001	1.212838e+000
3.522603552557346e-003	3.801776e-001	1.211654e+000
3.532369177557346e-003	3.066176e-001	1.210471e+000
3.542134802557345e-003	2.396649e-001	1.209290e+000
3.551900427557345e-003	1.799576e-001	1.208109e+000
3.561666052557345e-003	1.280646e-001	1.206930e+000
3.571431677557345e-003	8.448044e-002	1.205752e+000
3.581197302557345e-003	4.962040e-002	1.204575e+000
3.590962927557344e-003	2.381669e-002	1.203399e+000
3.600728552557344e-003	7.315193e-003	1.202225e+000
3.610494177557344e-003	2.731534e-004	1.201051e+000
3.620259802557344e-003	2.757677e-003	1.199879e+000
3.630025427557344e-003	1.474509e-002	1.198708e+000
3.639791052557343e-003	3.612116e-002	1.197538e+000
3.649556677557343e-003	6.668219e-002	1.196369e+000
3.659322302557343e-003	1.061370e-001	1.195201e+000
3.669087927557343e-003	1.541095e-001	1.194035e+000
3.678853552557343e-003	2.101427e-001	1.192869e+000
3.688619177557342e-003	2.737025e-001	1.191705e+000
3.698384802557342e-003	3.441834e-001	1.190542e+000
3.708150427557342e-003	4.209136e-001	1.189379e+000
3.717916052557342e-003	5.031621e-001	1.188218e+000
3.727681677557341e-003	5.901451e-001	1.187059e+000
3.747212927557341e-003	7.749615e-001	1.184742e+000
3.755583463271627e-003	8.586697e-001	1.183751e+000
3.763953998985912e-003	9.419197e-001	1.182761e+000
3.772324534700198e-003	1.024711e+000	1.181771e+000
3.780695070414483e-003	1.107045e+000	1.180782e+000
3.789065606128769e-003	1.188920e+000	1.179794e+000
3.797436141843054e-003	1.270337e+000	1.178807e+000
3.805806677557340e-003	1.351296e+000	1.177821e+000
3.815572302557340e-003	1.440909e+000	1.176671e+000
3.825337927557339e-003	1.526321e+000	1.175523e+000
3.835103552557339e-003	1.606717e+000	1.174375e+000
3.844869177557339e-003	1.681331e+000	1.173230e+000
3.854634802557339e-003	1.749453e+000	1.172093e+000
3.864400427557339e-003	1.810434e+000	1.171025e+000
3.874166052557338e-003	1.863692e+000	1.170370e+000
3.883931677557338e-003	1.908719e+000	1.171364e+000
3.893697302557338e-003	1.945087e+000	1.176332e+000
3.903462927557338e-003	1.972449e+000	1.186785e+000
3.913228552557338e-003	1.990545e+000	1.200938e+000
3.922994177557338e-003	1.999201e+000	1.214675e+000
3.932759802557338e-003	1.998336e+000	1.224910e+000
3.942525427557337e-003	1.987958e+000	1.230931e+000
3.952291052557337e-003	1.968165e+000	1.233540e+000
3.962056677557337e-003	1.939147e+000	1.233989e+000
3.971822302557337e-003	1.901179e+000	1.233358e+000
3.981587927557337e-003	1.854623e+000	1.232308e+000
3.991353552557336e-003	1.799924e+000	1.231136e+000
4.001119177557336e-003	1.737602e+000	1.229939e+000
4.010884802557336e-003	1.668252e+000	1.228740e+000
4.020650427557336e-003	1.592533e+000	1.227540e+000
4.030416052557335e-003	1.511169e+000	1.226342e+000
4.049947302557335e-003	1.334648e+000	1.223949e+000
4.058317838271620e-003	1.253237e+000	1.222925e+000
4.066688373985906e-003	1.171490e+000	1.221902e+000
4.075058909700191e-003	1.089409e+000	1.220879e+000
4.083429445414477e-003	1.006992e+000	1.219858e+000
4.091799981128763e-003	9.242393e-001	1.218837e+000
4.100170516843049e-003	8.411517e-001	1.217817e+000
4.108541052557334e-003	7.577289e-001	1.216799e+000
4.128072302557333e-003	5.740438e-001	1.214424e+000
4.137837927557333e-003	4.878598e-001	1.213239e+000
4.147603552557333e-003	4.065560e-001	1.212055e+000
4.157369177557333e-003	3.309073e-001	1.210872e+000
4.167134802557333e-003	2.616345e-001	1.209690e+000
4.176900427557332e-003	1.993977e-001	1.208509e+000
4.186666052557332e-003	1.447899e-001	1.207329e+000
4.196431677557332e-003	9.833163e-002	1.206151e+000
4.206197302557332e-003	6.046547e-002	1.204974e+000
4.215962927557332e-003	3.155230e-002	1.203797e+000
4.225728552557331e-003	1.186763e-002	1.202622e+000
4.235494177557331e-003	1.599037e-003	1.201449e+000
4.245259802557331e-003	8.443712e-004	1.200276e+000
4.255025427557331e-003	9.610826e-003	1.199104e+000
4.264791052557330e-003	2.781486e-002	1.197934e+000
4.274556677557330e-003	5.528302e-002	1.196765e+000
4.284322302557330e-003	9.175353e-002	1.195596e+000
4.294087927557330e-003	1.368789e-001	1.194429e+000
4.303853552557330e-003	1.902291e-001	1.193264e+000
4.313619177557329e-003	2.512957e-001	1.192099e+000
4.323384802557329e-003	3.194968e-001	1.190935e+000
4.333150427557329e-003	3.941826e-001	1.189773e+000
4.342916052557329e-003	4.746413e-001	1.188612e+000
4.352681677557329e-003	5.601062e-001	1.187451e+000
4.362447302557328e-003	6.497630e-001	1.186292e+000
4.381978552557328e-003	8.382028e-001	1.183977e+000
4.391744177557328e-003	9.374791e-001	1.182822e+000
4.401509802557328e-003	1.035074e+000	1.181667e+000
4.411275427557327e-003	1.130986e+000	1.180514e+000
4.421041052557327e-003	1.225217e+000	1.179362e+000
4.430806677557327e-003	1.317766e+000	1.178210e+000
4.440572302557327e-003	1.408634e+000	1.177060e+000
4.450337927557327e-003	1.497819e+000	1.175911e+000
4.460103552557326e-003	1.580008e+000	1.174764e+000
4.469869177557326e-003	1.656670e+000	1.173617e+000
4.479634802557326e-003	1.727074e+000	1.172476e+000
4.489400427557326e-003	1.790550e+000	1.171369e+000
4.499166052557325e-003	1.846493e+000	1.170495e+000
4.508931677557325e-003	1.894369e+000	1.170708e+000
4.518697302557325e-003	1.933723e+000	1.174049e+000
4.528462927557325e-003	1.964179e+000	1.182647e+000
4.538228552557325e-003	1.985448e+000	1.195957e+000
4.547994177557324e-003	1.997326e+000	1.210298e+000
4.557759802557324e-003	1.999700e+000	1.221917e+000
4.567525427557324e-003	1.992548e+000	1.229328e+000
4.577291052557324e-003	1.975937e+000	1.232961e+000
4.587056677557324e-003	1.950027e+000	1.234006e+000
4.596822302557323e-003	1.915064e+000	1.233645e+000
4.606587927557323e-003	1.871381e+000	1.232689e+000
4.616353552557323e-003	1.819395e+000	1.231541e+000
4.626119177557323e-003	1.759600e+000	1.230349e+000
4.635884802557323e-003	1.692567e+000	1.229149e+000
4.645650427557322e-003	1.618935e+000	1.227949e+000
4.655416052557322e-003	1.539404e+000	1.226751e+000
4.674947302557322e-003	1.365730e+000	1.224357e+000
4.704244177557321e-003	1.081358e+000	1.220775e+000
4.733541052557320e-003	7.900530e-001	1.217204e+000
4.753072302557320e-003	6.042970e-001	1.214829e+000
4.762837927557320e-003	5.166394e-001	1.213643e+000
4.772603552557320e-003	4.335879e-001	1.212459e+000
4.782369177557319e-003	3.559338e-001	1.211275e+000
4.792134802557319e-003	2.844171e-001	1.210093e+000
4.801900427557319e-003	2.197193e-001	1.208912e+000
4.811666052557319e-003	1.624570e-001	1.207732e+000
4.821431677557319e-003	1.131757e-001	1.206553e+000
4.831197302557318e-003	7.234513e-002	1.205375e+000
4.840962927557318e-003	4.035433e-002	1.204199e+000
4.850728552557318e-003	1.750816e-002	1.203023e+000
4.860494177557318e-003	4.024323e-003	1.201849e+000
4.870259802557318e-003	3.129888e-005	1.200676e+000
4.880025427557317e-003	5.567143e-003	1.199504e+000
4.889791052557317e-003	2.057910e-002	1.198333e+000
4.899556677557317e-003	4.492413e-002	1.197164e+000
4.909322302557317e-003	7.837023e-002	1.195995e+000
4.919087927557317e-003	1.205987e-001	1.194828e+000
4.928853552557316e-003	1.712071e-001	1.193661e+000
4.938619177557316e-003	2.297133e-001	1.192496e+000
4.948384802557316e-003	2.955596e-001	1.191332e+000
4.958150427557316e-003	3.681186e-001	1.190169e+000
4.967916052557315e-003	4.466990e-001	1.189008e+000
4.977681677557315e-003	5.305519e-001	1.187847e+000
4.987447302557315e-003	6.188781e-001	1.186688e+000
5.006978552557315e-003	8.055498e-001	1.184372e+000
5.015349088271600e-003	8.896976e-001	1.183381e+000
5.023719623985886e-003	9.731705e-001	1.182391e+000
5.032090159700171e-003	1.055968e+000	1.181402e+000
5.040460695414457e-003	1.138091e+000	1.180413e+000
5.048831231128742e-003	1.219540e+000	1.179426e+000
5.057201766843028e-003	1.300313e+000	1.178439e+000
5.065572302557313e-003	1.380411e+000	1.177453e+000
5.075337927557313e-003	1.468769e+000	1.176304e+000
5.085103552557313e-003	1.552660e+000	1.175155e+000
5.094869177557313e-003	1.631285e+000	1.174008e+000
5.104634802557313e-003	1.703894e+000	1.172864e+000
5.114400427557312e-003	1.769796e+000	1.171737e+000
5.124166052557312e-003	1.828362e+000	1.170736e+000
5.133931677557312e-003	1.879035e+000	1.170412e+000
5.143697302557312e-003	1.921331e+000	1.172404e+000
5.153462927557312e-003	1.954848e+000	1.179091e+000
5.163228552557311e-003	1.979265e+000	1.191099e+000
5.172994177557311e-003	1.994352e+000	1.205581e+000
5.182759802557311e-003	1.999962e+000	1.218417e+000
5.192525427557311e-003	1.996044e+000	1.227280e+000
5.202291052557310e-003	1.982635e+000	1.232082e+000
5.212056677557310e-003	1.959862e+000	1.233862e+000
5.221822302557310e-003	1.927942e+000	1.233865e+000
5.231587927557310e-003	1.887179e+000	1.233048e+000
5.241353552557310e-003	1.837963e+000	1.231940e+000
5.251119177557309e-003	1.780761e+000	1.230755e+000
5.260884802557309e-003	1.716120e+000	1.229557e+000
5.270650427557309e-003	1.644654e+000	1.228357e+000
5.280416052557309e-003	1.567046e+000	1.227158e+000
5.290181677557309e-003	1.484033e+000	1.225960e+000
5.319478552557308e-003	1.210699e+000	1.222373e+000
5.327849088271593e-003	1.126774e+000	1.221351e+000
5.336219623985879e-003	1.043409e+000	1.220329e+000
5.344590159700164e-003	9.606041e-001	1.219308e+000
5.352960695414450e-003	8.783595e-001	1.218287e+000
5.361331231128736e-003	7.966749e-001	1.217268e+000
5.369701766843022e-003	7.155504e-001	1.216250e+000
5.378072302557307e-003	6.349859e-001	1.215232e+000
5.387837927557307e-003	5.459514e-001	1.214046e+000
5.397603552557306e-003	4.612435e-001	1.212861e+000
5.407369177557306e-003	3.816695e-001	1.211677e+000
5.417134802557306e-003	3.079877e-001	1.210494e+000
5.426900427557306e-003	2.409002e-001	1.209313e+000
5.436666052557306e-003	1.810463e-001	1.208132e+000
5.446431677557305e-003	1.289963e-001	1.206953e+000
5.456197302557305e-003	8.524628e-002	1.205775e+000
5.465962927557305e-003	5.021309e-002	1.204598e+000
5.475728552557305e-003	2.423058e-002	1.203422e+000
5.485494177557304e-003	7.546341e-003	1.202248e+000
5.495259802557304e-003	3.193557e-004	1.201074e+000
5.505025427557304e-003	2.618494e-003	1.199902e+000
5.514791052557304e-003	1.442185e-002	1.198730e+000
5.524556677557304e-003	3.561694e-002	1.197561e+000
5.534322302557303e-003	6.600180e-002	1.196392e+000
5.544087927557303e-003	1.052869e-001	1.195224e+000
5.553853552557303e-003	1.530978e-001	1.194057e+000
5.563619177557303e-003	2.089791e-001	1.192892e+000
5.573384802557303e-003	2.723981e-001	1.191727e+000
5.583150427557302e-003	3.427505e-001	1.190564e+000
5.592916052557302e-003	4.193660e-001	1.189402e+000
5.602681677557302e-003	5.015144e-001	1.188241e+000
5.612447302557302e-003	5.884130e-001	1.187081e+000
5.631978552557301e-003	7.731109e-001	1.184765e+000
5.640349088271587e-003	8.567899e-001	1.183774e+000
5.648719623985873e-003	9.400237e-001	1.182783e+000
5.657090159700158e-003	1.022812e+000	1.181793e+000
5.665460695414444e-003	1.105156e+000	1.180805e+000
5.673831231128729e-003	1.187055e+000	1.179817e+000
5.682201766843015e-003	1.268508e+000	1.178830e+000
5.690572302557300e-003	1.349517e+000	1.177843e+000
5.700337927557300e-003	1.439203e+000	1.176694e+000
5.710103552557300e-003	1.524704e+000	1.175545e+000
5.719869177557299e-003	1.605206e+000	1.174398e+000
5.729634802557299e-003	1.679940e+000	1.173252e+000
5.739400427557299e-003	1.748194e+000	1.172115e+000
5.749166052557299e-003	1.809320e+000	1.171044e+000
5.758931677557299e-003	1.862733e+000	1.170373e+000
5.768697302557298e-003	1.907925e+000	1.171315e+000
5.778462927557298e-003	1.944465e+000	1.176183e+000
5.788228552557298e-003	1.972005e+000	1.186535e+000
5.797994177557298e-003	1.990283e+000	1.200652e+000
5.807759802557298e-003	1.999124e+000	1.214435e+000
5.817525427557297e-003	1.998444e+000	1.224752e+000
5.827291052557297e-003	1.988250e+000	1.230850e+000
5.837056677557297e-003	1.968639e+000	1.233514e+000
5.846822302557297e-003	1.939798e+000	1.233994e+000
5.856587927557297e-003	1.902001e+000	1.233375e+000
5.866353552557296e-003	1.855608e+000	1.232330e+000
5.876119177557296e-003	1.801063e+000	1.231159e+000
5.885884802557296e-003	1.738884e+000	1.229963e+000
5.895650427557296e-003	1.669664e+000	1.228763e+000
5.905416052557296e-003	1.594063e+000	1.227563e+000
5.915181677557295e-003	1.512800e+000	1.226365e+000
5.934712927557295e-003	1.336437e+000	1.223972e+000
5.943083463271580e-003	1.255073e+000	1.222948e+000
5.951453998985866e-003	1.173361e+000	1.221925e+000
5.959824534700151e-003	1.091300e+000	1.220903e+000
5.968195070414437e-003	1.008891e+000	1.219881e+000
5.976565606128722e-003	9.261333e-001	1.218860e+000
5.984936141843008e-003	8.430270e-001	1.217841e+000
5.993306677557294e-003	7.595724e-001	1.216822e+000
6.012837927557293e-003	5.757632e-001	1.214447e+000
6.022603552557293e-003	4.894923e-001	1.213262e+000
6.032369177557293e-003	4.080861e-001	1.212078e+000
6.042134802557293e-003	3.323203e-001	1.210895e+000
6.051900427557292e-003	2.629170e-001	1.209713e+000
6.061666052557292e-003	2.005374e-001	1.208532e+000
6.071431677557292e-003	1.457760e-001	1.207352e+000
6.081197302557292e-003	9.915473e-002	1.206174e+000
6.090962927557292e-003	6.111772e-002	1.204996e+000
6.100728552557291e-003	3.202748e-002	1.203820e+000
6.110494177557291e-003	1.216121e-002	1.202645e+000
6.120259802557291e-003	1.708224e-003	1.201471e+000
6.130025427557291e-003	7.681248e-004	1.200299e+000
6.139791052557291e-003	9.349872e-003	1.199127e+000
6.149556677557290e-003	2.737169e-002	1.197957e+000
6.159322302557290e-003	5.466184e-002	1.196787e+000
6.169087927557290e-003	9.096029e-002	1.195619e+000
6.178853552557290e-003	1.359211e-001	1.194452e+000
6.188619177557289e-003	1.891159e-001	1.193286e+000
6.198384802557289e-003	2.500377e-001	1.192121e+000
6.208150427557289e-003	3.181061e-001	1.190958e+000
6.217916052557289e-003	3.926723e-001	1.189795e+000
6.227681677557289e-003	4.730259e-001	1.188634e+000
6.237447302557288e-003	5.584010e-001	1.187474e+000
6.247212927557288e-003	6.479843e-001	1.186315e+000
6.266744177557288e-003	8.363284e-001	1.184000e+000
6.276509802557288e-003	9.355841e-001	1.182844e+000
6.286275427557287e-003	1.033176e+000	1.181690e+000
6.296041052557287e-003	1.129103e+000	1.180536e+000
6.305806677557287e-003	1.223366e+000	1.179384e+000
6.315572302557287e-003	1.315965e+000	1.178233e+000
6.325337927557287e-003	1.406900e+000	1.177083e+000
6.335103552557286e-003	1.496171e+000	1.175934e+000
6.344869177557286e-003	1.578459e+000	1.174786e+000
6.354634802557286e-003	1.655236e+000	1.173640e+000
6.364400427557286e-003	1.725769e+000	1.172498e+000
6.374166052557286e-003	1.789386e+000	1.171389e+000
6.383931677557285e-003	1.845480e+000	1.170506e+000
6.393697302557285e-003	1.893518e+000	1.170682e+000
6.403462927557285e-003	1.933041e+000	1.173938e+000
6.413228552557285e-003	1.963674e+000	1.182427e+000
6.422994177557284e-003	1.985123e+000	1.195674e+000
6.432759802557284e-003	1.997185e+000	1.210036e+000
6.442525427557284e-003	1.999745e+000	1.221730e+000
6.452291052557284e-003	1.992777e+000	1.229223e+000
6.462056677557284e-003	1.976350e+000	1.232920e+000
6.471822302557283e-003	1.950619e+000	1.234003e+000
6.481587927557283e-003	1.915829e+000	1.233660e+000
6.491353552557283e-003	1.872312e+000	1.232710e+000
6.501119177557283e-003	1.820482e+000	1.231564e+000
6.510884802557283e-003	1.760834e+000	1.230372e+000
6.520650427557282e-003	1.693936e+000	1.229172e+000
6.530416052557282e-003	1.620426e+000	1.227973e+000
6.540181677557282e-003	1.541003e+000	1.226774e+000
6.559712927557282e-003	1.367497e+000	1.224380e+000
6.589009802557281e-003	1.083251e+000	1.220799e+000
6.618306677557280e-003	7.919108e-001	1.217227e+000
6.637837927557280e-003	6.060423e-001	1.214852e+000
6.647603552557280e-003	5.183033e-001	1.213666e+000
6.657369177557279e-003	4.351545e-001	1.212482e+000
6.667134802557279e-003	3.573881e-001	1.211298e+000
6.676900427557279e-003	2.857454e-001	1.210116e+000
6.686666052557279e-003	2.209088e-001	1.208935e+000
6.696431677557279e-003	1.634964e-001	1.207755e+000
6.706197302557278e-003	1.140551e-001	1.206576e+000
6.715962927557278e-003	7.305621e-002	1.205398e+000
6.725728552557278e-003	4.089028e-002	1.204222e+000
6.735494177557278e-003	1.786386e-002	1.203046e+000
6.745259802557278e-003	4.196376e-003	1.201872e+000
6.755025427557277e-003	1.807336e-005	1.200699e+000
6.764791052557277e-003	5.368765e-003	1.199527e+000
6.774556677557277e-003	2.019746e-002	1.198356e+000
6.784322302557277e-003	4.436287e-002	1.197186e+000
6.794087927557277e-003	7.763469e-002	1.196018e+000
6.803853552557276e-003	1.196959e-001	1.194850e+000
6.813619177557276e-003	1.701456e-001	1.193684e+000
6.823384802557276e-003	2.285032e-001	1.192519e+000
6.833150427557276e-003	2.942125e-001	1.191355e+000
6.842916052557276e-003	3.666474e-001	1.190192e+000
6.852681677557275e-003	4.451176e-001	1.189030e+000
6.862447302557275e-003	5.288754e-001	1.187870e+000
6.872212927557275e-003	6.171225e-001	1.186710e+000
6.891744177557274e-003	8.036867e-001	1.184395e+000
6.900114713271560e-003	8.878102e-001	1.183404e+000
6.908485248985846e-003	9.712719e-001	1.182414e+000
6.916855784700131e-003	1.054072e+000	1.181424e+000
6.925226320414417e-003	1.136210e+000	1.180436e+000
6.933596856128702e-003	1.217686e+000	1.179448e+000
6.941967391842988e-003	1.298501e+000	1.178461e+000
6.950337927557273e-003	1.378653e+000	1.177475e+000
6.960103552557273e-003	1.467090e+000	1.176326e+000
6.969869177557273e-003	1.551076e+000	1.175178e+000
6.979634802557273e-003	1.629811e+000	1.174031e+000
6.989400427557272e-003	1.702544e+000	1.172886e+000
6.999166052557272e-003	1.768582e+000	1.171759e+000
7.008931677557272e-003	1.827297e+000	1.170753e+000
7.018697302557272e-003	1.878128e+000	1.170404e+000
7.028462927557272e-003	1.920591e+000	1.172327e+000
7.038228552557271e-003	1.954282e+000	1.178907e+000
7.047994177557271e-003	1.978879e+000	1.190828e+000
7.057759802557271e-003	1.994148e+000	1.205304e+000
7.067525427557271e-003	1.999944e+000	1.218202e+000
7.077291052557271e-003	1.996211e+000	1.227149e+000
7.087056677557270e-003	1.982985e+000	1.232021e+000
7.096822302557270e-003	1.960393e+000	1.233848e+000
7.106587927557270e-003	1.928648e+000	1.233876e+000
7.116353552557270e-003	1.888054e+000	1.233068e+000
7.126119177557269e-003	1.838998e+000	1.231962e+000
7.135884802557269e-003	1.781947e+000	1.230778e+000
7.145650427557269e-003	1.717444e+000	1.229580e+000
7.155416052557269e-003	1.646105e+000	1.228380e+000
7.165181677557269e-003	1.568609e+000	1.227181e+000
7.174947302557268e-003	1.485695e+000	1.225983e+000
7.204244177557268e-003	1.212555e+000	1.222397e+000
7.212614713271553e-003	1.128657e+000	1.221374e+000
7.220985248985839e-003	1.045306e+000	1.220352e+000
7.229355784700124e-003	9.625023e-001	1.219331e+000
7.237726320414410e-003	8.802451e-001	1.218311e+000
7.246096856128695e-003	7.985349e-001	1.217291e+000
7.254467391842981e-003	7.173716e-001	1.216273e+000
7.262837927557267e-003	6.367552e-001	1.215255e+000
7.272603552557266e-003	5.476447e-001	1.214069e+000
7.282369177557266e-003	4.628448e-001	1.212884e+000
7.292134802557266e-003	3.831636e-001	1.211700e+000
7.301900427557266e-003	3.093603e-001	1.210517e+000
7.311666052557266e-003	2.421382e-001	1.209336e+000
7.321431677557265e-003	1.821379e-001	1.208155e+000
7.331197302557265e-003	1.299311e-001	1.206976e+000
7.340962927557265e-003	8.601542e-002	1.205798e+000
7.350728552557265e-003	5.080921e-002	1.204621e+000
7.360494177557264e-003	2.464799e-002	1.203445e+000
7.370259802557264e-003	7.781069e-003	1.202270e+000
7.380025427557264e-003	3.691655e-004	1.201097e+000
7.389791052557264e-003	2.482910e-003	1.199924e+000
7.399556677557264e-003	1.410216e-002	1.198753e+000
7.409322302557263e-003	3.511620e-002	1.197583e+000
7.419087927557263e-003	6.532477e-002	1.196414e+000
7.428853552557263e-003	1.044400e-001	1.195246e+000
7.438619177557263e-003	1.520892e-001	1.194080e+000
7.448384802557263e-003	2.078183e-001	1.192914e+000
7.458150427557262e-003	2.710962e-001	1.191750e+000
7.467916052557262e-003	3.413199e-001	1.190587e+000
7.477681677557262e-003	4.178204e-001	1.189425e+000
7.487447302557262e-003	4.998685e-001	1.188263e+000
7.497212927557262e-003	5.866824e-001	1.187104e+000
7.516744177557261e-003	7.712612e-001	1.184787e+000
7.525114713271546e-003	8.549105e-001	1.183796e+000
7.533485248985832e-003	9.381279e-001	1.182806e+000
7.541855784700118e-003	1.020913e+000	1.181816e+000
7.550226320414404e-003	1.103267e+000	1.180827e+000
7.558596856128689e-003	1.185189e+000	1.179839e+000
7.566967391842975e-003	1.266678e+000	1.178852e+000
7.575337927557260e-003	1.347736e+000	1.177866e+000
7.585103552557260e-003	1.437496e+000	1.176716e+000
7.594869177557259e-003	1.523086e+000	1.175567e+000
7.604634802557259e-003	1.603692e+000	1.174420e+000
7.614400427557259e-003	1.678545e+000	1.173274e+000
7.624166052557259e-003	1.746933e+000	1.172137e+000
7.633931677557259e-003	1.808202e+000	1.171063e+000
7.643697302557258e-003	1.861770e+000	1.170376e+000
7.653462927557258e-003	1.907127e+000	1.171267e+000
7.663228552557258e-003	1.943839e+000	1.176037e+000
7.672994177557258e-003	1.971557e+000	1.186286e+000
7.682759802557258e-003	1.990017e+000	1.200367e+000
7.692525427557257e-003	1.999042e+000	1.214193e+000
7.702291052557257e-003	1.998548e+000	1.224592e+000
7.712056677557257e-003	1.988539e+000	1.230768e+000
7.721822302557257e-003	1.969109e+000	1.233487e+000
7.731587927557257e-003	1.940445e+000	1.233998e+000
7.741353552557256e-003	1.902819e+000	1.233393e+000
7.751119177557256e-003	1.856590e+000	1.232352e+000
7.760884802557256e-003	1.802198e+000	1.231182e+000
7.770650427557256e-003	1.740162e+000	1.229986e+000
7.780416052557256e-003	1.671074e+000	1.228786e+000
7.790181677557255e-003	1.595590e+000	1.227587e+000
7.799947302557255e-003	1.514430e+000	1.226388e+000
7.819478552557255e-003	1.338226e+000	1.223995e+000
7.827849088271541e-003	1.256909e+000	1.222971e+000
7.836219623985825e-003	1.175231e+000	1.221948e+000
7.844590159700111e-003	1.093192e+000	1.220926e+000
7.852960695414397e-003	1.010790e+000	1.219904e+000
7.861331231128683e-003	9.280275e-001	1.218883e+000
7.869701766842967e-003	8.449030e-001	1.217864e+000
7.878072302557253e-003	7.614168e-001	1.216845e+000
7.897603552557253e-003	5.774843e-001	1.214470e+000
7.907369177557253e-003	4.911267e-001	1.213285e+000
7.917134802557253e-003	4.096183e-001	1.212101e+000
7.926900427557252e-003	3.337357e-001	1.210917e+000
7.936666052557252e-003	2.642021e-001	1.209736e+000
7.946431677557252e-003	2.016800e-001	1.208555e+000
7.956197302557252e-003	1.467652e-001	1.207375e+000
7.965962927557252e-003	9.998108e-002	1.206197e+000
7.975728552557251e-003	6.177335e-002	1.205019e+000
7.985494177557251e-003	3.250615e-002	1.203843e+000
7.995259802557251e-003	1.245836e-002	1.202668e+000
8.005025427557251e-003	1.821015e-003	1.201494e+000
8.014791052557251e-003	6.954845e-004	1.200321e+000
8.024556677557250e-003	9.092493e-003	1.199150e+000
8.034322302557250e-003	2.693203e-002	1.197979e+000
8.044087927557250e-003	5.404408e-002	1.196810e+000
8.053853552557250e-003	9.017031e-002	1.195642e+000
8.063619177557250e-003	1.349665e-001	1.194475e+000
8.073384802557249e-003	1.880057e-001	1.193309e+000
8.083150427557249e-003	2.487825e-001	1.192144e+000
8.092916052557249e-003	3.167178e-001	1.190980e+000
8.102681677557249e-003	3.911642e-001	1.189818e+000
8.112447302557248e-003	4.714123e-001	1.188656e+000
8.122212927557248e-003	5.566974e-001	1.187496e+000
8.131978552557248e-003	6.462069e-001	1.186337e+000
8.151509802557248e-003	8.344547e-001	1.184022e+000
8.161275427557247e-003	9.336894e-001	1.182867e+000
8.171041052557247e-003	1.031278e+000	1.181712e+000
8.180806677557247e-003	1.127219e+000	1.180559e+000
8.190572302557247e-003	1.221514e+000	1.179406e+000
8.200337927557247e-003	1.314163e+000	1.178255e+000
8.210103552557246e-003	1.405165e+000	1.177105e+000
8.219869177557246e-003	1.494520e+000	1.175956e+000
8.229634802557246e-003	1.576909e+000	1.174808e+000
8.239400427557246e-003	1.653800e+000	1.173662e+000
8.249166052557246e-003	1.724461e+000	1.172520e+000
8.258931677557245e-003	1.788218e+000	1.171410e+000
8.268697302557245e-003	1.844464e+000	1.170517e+000
8.278462927557245e-003	1.892663e+000	1.170658e+000
8.288228552557245e-003	1.932356e+000	1.173829e+000
8.297994177557245e-003	1.963165e+000	1.182209e+000
8.307759802557244e-003	1.984795e+000	1.195391e+000
8.317525427557244e-003	1.997041e+000	1.209773e+000
8.327291052557244e-003	1.999786e+000	1.221541e+000
8.337056677557244e-003	1.993003e+000	1.229117e+000
8.346822302557243e-003	1.976759e+000	1.232877e+000
8.356587927557243e-003	1.951206e+000	1.233999e+000
8.366353552557243e-003	1.916590e+000	1.233674e+000
8.376119177557243e-003	1.873239e+000	1.232731e+000
8.385884802557243e-003	1.821567e+000	1.231587e+000
8.395650427557242e-003	1.762066e+000	1.230395e+000
8.405416052557242e-003	1.695303e+000	1.229196e+000
8.415181677557242e-003	1.621914e+000	1.227996e+000
8.424947302557242e-003	1.542599e+000	1.226798e+000
8.444478552557241e-003	1.369263e+000	1.224404e+000
8.473775427557241e-003	1.085144e+000	1.220822e+000
8.503072302557240e-003	7.937692e-001	1.217250e+000
8.522603552557240e-003	6.077890e-001	1.214875e+000
8.532369177557240e-003	5.199689e-001	1.213690e+000
8.542134802557239e-003	4.367231e-001	1.212505e+000
8.551900427557239e-003	3.588448e-001	1.211321e+000
8.561666052557239e-003	2.870762e-001	1.210139e+000
8.571431677557239e-003	2.221012e-001	1.208958e+000
8.581197302557238e-003	1.645389e-001	1.207778e+000
8.590962927557238e-003	1.149378e-001	1.206599e+000
8.600728552557238e-003	7.377064e-002	1.205421e+000
8.610494177557238e-003	4.142968e-002	1.204245e+000
8.620259802557238e-003	1.822309e-002	1.203069e+000
8.630025427557237e-003	4.372022e-003	1.201895e+000
8.639791052557237e-003	8.456530e-006	1.200722e+000
8.649474229046964e-003	5.090553e-003	1.199559e+000
8.659239854046964e-003	1.965636e-002	1.198389e+000
8.669005479046964e-003	4.356402e-002	1.197219e+000
8.678771104046964e-003	7.658572e-002	1.196050e+000
8.688536729046964e-003	1.184068e-001	1.194883e+000
8.698302354046963e-003	1.686287e-001	1.193717e+000
8.708067979046963e-003	2.267729e-001	1.192551e+000
8.717833604046963e-003	2.922853e-001	1.191387e+000
8.727599229046963e-003	3.645416e-001	1.190224e+000
8.737364854046963e-003	4.428534e-001	1.189063e+000
8.747130479046962e-003	5.264742e-001	1.187902e+000
8.756896104046962e-003	6.146074e-001	1.186743e+000
8.776427354046962e-003	8.010163e-001	1.184427e+000
8.784797889761248e-003	8.851044e-001	1.183436e+000
8.793168425475532e-003	9.685494e-001	1.182446e+000
8.801538961189818e-003	1.051352e+000	1.181456e+000
8.809909496904104e-003	1.133511e+000	1.180468e+000
8.818280032618390e-003	1.215027e+000	1.179480e+000
8.826650568332674e-003	1.295900e+000	1.178493e+000
8.835021104046961e-003	1.376131e+000	1.177507e+000
8.844786729046960e-003	1.464680e+000	1.176358e+000
8.854552354046960e-003	1.548801e+000	1.175210e+000
8.864317979046960e-003	1.627692e+000	1.174063e+000
8.874083604046960e-003	1.700603e+000	1.172918e+000
8.883849229046959e-003	1.766837e+000	1.171789e+000
8.893614854046959e-003	1.825763e+000	1.170776e+000
8.903380479046959e-003	1.876821e+000	1.170394e+000
8.913146104046959e-003	1.919524e+000	1.172221e+000
8.922911729046959e-003	1.953464e+000	1.178646e+000
8.932677354046958e-003	1.978318e+000	1.190441e+000
8.942442979046958e-003	1.993850e+000	1.204904e+000
8.952208604046958e-003	1.999912e+000	1.217890e+000
8.961974229046958e-003	1.996444e+000	1.226957e+000
8.971739854046958e-003	1.983482e+000	1.231932e+000
8.981505479046957e-003	1.961148e+000	1.233827e+000
8.991271104046957e-003	1.929655e+000	1.233889e+000
9.001036729046957e-003	1.889303e+000	1.233096e+000
9.010802354046957e-003	1.840477e+000	1.231995e+000
9.020567979046957e-003	1.783642e+000	1.230812e+000
9.030333604046956e-003	1.719339e+000	1.229613e+000
9.040099229046956e-003	1.648182e+000	1.228413e+000
9.049864854046956e-003	1.570848e+000	1.227214e+000
9.059630479046956e-003	1.488074e+000	1.226016e+000
9.079161729046955e-003	1.309407e+000	1.223624e+000
9.137755479046954e-003	7.319505e-001	1.216475e+000
9.147521104046954e-003	6.392946e-001	1.215288e+000
9.157286729046954e-003	5.500759e-001	1.214102e+000
9.167052354046953e-003	4.651446e-001	1.212917e+000
9.176817979046953e-003	3.853101e-001	1.211733e+000
9.186583604046953e-003	3.113329e-001	1.210550e+000
9.196349229046953e-003	2.439183e-001	1.209368e+000
9.206114854046953e-003	1.837084e-001	1.208188e+000
9.215880479046952e-003	1.312772e-001	1.207009e+000
9.225646104046952e-003	8.712413e-002	1.205831e+000
9.235411729046952e-003	5.167002e-002	1.204654e+000
9.245177354046952e-003	2.525271e-002	1.203478e+000
9.254942979046952e-003	8.123923e-003	1.202303e+000
9.264708604046951e-003	4.468892e-004	1.201129e+000
9.274474229046951e-003	2.294763e-003	1.199957e+000
9.284239854046951e-003	1.364994e-002	1.198786e+000
9.294005479046951e-003	3.440420e-002	1.197616e+000
9.303771104046951e-003	6.435979e-002	1.196447e+000
9.313536729046950e-003	1.032313e-001	1.195279e+000
9.323302354046950e-003	1.506482e-001	1.194112e+000
9.333067979046950e-003	2.061587e-001	1.192947e+000
9.342833604046950e-003	2.692339e-001	1.191782e+000
9.352599229046949e-003	3.392727e-001	1.190619e+000
9.362364854046949e-003	4.156076e-001	1.189457e+000
9.372130479046949e-003	4.975114e-001	1.188296e+000
9.381896104046949e-003	5.842034e-001	1.187136e+000
9.401427354046948e-003	7.686101e-001	1.184819e+000
9.409797889761234e-003	8.522164e-001	1.183828e+000
9.418168425475519e-003	9.354096e-001	1.182838e+000
9.426538961189805e-003	1.018190e+000	1.181848e+000
9.434909496904091e-003	1.100557e+000	1.180859e+000
9.443280032618377e-003	1.182511e+000	1.179871e+000
9.451650568332661e-003	1.264053e+000	1.178884e+000
9.460021104046947e-003	1.345181e+000	1.177897e+000
9.469786729046947e-003	1.435045e+000	1.176748e+000
9.479552354046947e-003	1.520763e+000	1.175599e+000
9.489317979046947e-003	1.601518e+000	1.174452e+000
9.499083604046946e-003	1.676542e+000	1.173306e+000
9.508849229046946e-003	1.745119e+000	1.172168e+000
9.518614854046946e-003	1.806595e+000	1.171090e+000
9.528380479046946e-003	1.860385e+000	1.170382e+000
9.538146104046946e-003	1.905977e+000	1.171201e+000
9.547911729046945e-003	1.942935e+000	1.175831e+000
9.557677354046945e-003	1.970908e+000	1.185932e+000
9.567442979046945e-003	1.989629e+000	1.199958e+000
9.577208604046945e-003	1.998919e+000	1.213845e+000
9.586974229046944e-003	1.998691e+000	1.224360e+000
9.596739854046944e-003	1.988946e+000	1.230648e+000
9.606505479046944e-003	1.969778e+000	1.233447e+000
9.616271104046944e-003	1.941368e+000	1.234003e+000
9.626036729046944e-003	1.903987e+000	1.233418e+000
9.635802354046943e-003	1.857993e+000	1.232383e+000
9.645567979046943e-003	1.803822e+000	1.231215e+000
9.655333604046943e-003	1.741992e+000	1.230019e+000
9.665099229046943e-003	1.673091e+000	1.228819e+000
9.674864854046943e-003	1.597776e+000	1.227620e+000
9.684630479046942e-003	1.516765e+000	1.226422e+000
9.704161729046942e-003	1.340788e+000	1.224029e+000
9.712532264761228e-003	1.259540e+000	1.223005e+000
9.720902800475512e-003	1.177912e+000	1.221981e+000
9.729273336189798e-003	1.095903e+000	1.220959e+000
9.737643871904084e-003	1.013514e+000	1.219937e+000
9.746014407618370e-003	9.307444e-001	1.218917e+000
9.754384943332655e-003	8.475940e-001	1.217897e+000
9.762755479046941e-003	7.640631e-001	1.216878e+000
9.782286729046940e-003	5.799549e-001	1.214503e+000
9.792052354046940e-003	4.934736e-001	1.213318e+000
9.801817979046940e-003	4.118192e-001	1.212133e+000
9.811583604046940e-003	3.357696e-001	1.210950e+000
9.821349229046940e-003	2.660496e-001	1.209768e+000
9.831114854046939e-003	2.033235e-001	1.208588e+000
9.840880479046939e-003	1.481891e-001	1.207408e+000
9.850646104046939e-003	1.011717e-001	1.206229e+000
9.860411729046939e-003	6.271945e-002	1.205052e+000
9.870177354046938e-003	3.319867e-002	1.203876e+000
9.879942979046938e-003	1.289069e-002	1.202701e+000
9.889708604046938e-003	1.989044e-003	1.201527e+000
9.899474229046938e-003	5.976109e-004	1.200354e+000
9.909239854046938e-003	8.729650e-003	1.199182e+000
9.919005479046937e-003	2.630767e-002	1.198012e+000
9.928771104046937e-003	5.316416e-002	1.196842e+000
9.938536729046937e-003	8.904321e-002	1.195674e+000
9.948302354046937e-003	1.336029e-001	1.194507e+000
9.958067979046937e-003	1.864187e-001	1.193341e+000
9.967833604046936e-003	2.469872e-001	1.192176e+000
9.977599229046936e-003	3.147313e-001	1.191013e+000
9.987364854046936e-003	3.890054e-001	1.189850e+000
9.997130479046936e-003	4.691018e-001	1.188689e+000