time	V(n001)	V(n002)
0.000000000000000e+000	1.000000e+000	3.151588e-001
6.013839307083153e-006	1.060573e+000	3.716411e-001
1.202767861416631e-005	1.120414e+000	4.277245e-001
1.804151792124946e-005	1.179524e+000	4.834092e-001
2.405535722833261e-005	1.237901e+000	5.386951e-001
3.006919653541576e-005	1.295548e+000	5.935822e-001
3.608303584249892e-005	1.352462e+000	6.480706e-001
4.209687514958205e-005	1.408645e+000	7.021602e-001
5.186250014958206e-005	1.495686e+000	7.860441e-001
6.162812514958205e-005	1.578005e+000	8.656459e-001
7.139375014958205e-005	1.654815e+000	9.401181e-001
8.115937514958204e-005	1.725385e+000	1.008683e+000
9.092500014958204e-005	1.789043e+000	1.070634e+000
1.006906251495820e-004	1.845182e+000	1.125339e+000
1.104562501495820e-004	1.893268e+000	1.172244e+000
1.202218751495820e-004	1.932841e+000	1.210878e+000
1.299875001495820e-004	1.963525e+000	1.240851e+000
1.397531251495820e-004	1.985027e+000	1.261864e+000
1.495187501495820e-004	1.997143e+000	1.273707e+000
1.592843751495820e-004	1.999757e+000	1.276263e+000
1.690500001495821e-004	1.992844e+000	1.269505e+000
1.788156251495821e-004	1.976470e+000	1.253501e+000
1.885812501495821e-004	1.950791e+000	1.228410e+000
1.983468751495821e-004	1.916052e+000	1.194485e+000
2.081125001495821e-004	1.872584e+000	1.152063e+000
2.178781251495821e-004	1.820801e+000	1.101573e+000
2.276437501495821e-004	1.761196e+000	1.043523e+000
2.374093751495821e-004	1.694337e+000	9.785029e-001
2.471750001495821e-004	1.620863e+000	9.071794e-001
2.569406251495821e-004	1.541471e+000	8.302913e-001
2.667062501495821e-004	1.456921e+000	7.486484e-001
2.862375001495821e-004	1.275604e+000	5.746945e-001
3.155343751495822e-004	9.862493e-001	3.030031e-001
3.253000001495822e-004	8.888230e-001	2.151819e-001
3.350656251495822e-004	7.924560e-001	1.330343e-001
3.448312501495822e-004	6.980668e-001	6.384184e-002
3.545968751495822e-004	6.065547e-001	1.959551e-002
3.643625001495822e-004	5.187919e-001	2.826774e-003
3.741281251495822e-004	4.356146e-001	1.364847e-004
3.838937501495822e-004	3.578154e-001	5.677075e-006
3.936593751495822e-004	2.861356e-001	2.880712e-007
4.034250001495822e-004	2.212584e-001	1.881400e-008
4.131906251495822e-004	1.638020e-001	1.716212e-009
4.229562501495823e-004	1.143138e-001	2.953254e-010
4.327218751495823e-004	7.326552e-002	1.037306e-010
4.424875001495823e-004	4.104820e-002	4.920444e-011
4.522531251495823e-004	1.796891e-002	2.170517e-011
4.620187501495823e-004	4.247546e-003	6.891461e-012
4.717843751495823e-004	1.487723e-005	2.441000e-012
4.815500001495823e-004	5.311233e-003	8.013853e-012
4.913156251495823e-004	2.008614e-002	2.405047e-011
5.010812501495823e-004	4.419882e-002	5.335198e-011
5.108468751495823e-004	7.741947e-002	1.135520e-010
5.206125001495823e-004	1.194316e-001	3.436676e-010
5.303781251495823e-004	1.698347e-001	2.163781e-009
5.401437501495823e-004	2.281487e-001	2.510433e-008
5.499093751495823e-004	2.938177e-001	3.971862e-007
5.596750001495823e-004	3.662161e-001	8.030631e-006
5.694406251495823e-004	4.446539e-001	1.960072e-004
5.792062501495823e-004	5.283837e-001	3.725427e-003
5.889718751495823e-004	6.166076e-001	2.305406e-002
5.987375001495824e-004	7.084849e-001	7.052995e-002
6.085031251495824e-004	8.031402e-001	1.417873e-001
6.182687501495824e-004	8.996713e-001	2.247742e-001
6.280343751495824e-004	9.971585e-001	3.129091e-001
6.573312501495824e-004	1.286074e+000	5.846759e-001
6.768625001495824e-004	1.466597e+000	7.579748e-001
6.866281251495824e-004	1.550611e+000	8.391302e-001
6.963937501495824e-004	1.629378e+000	9.154363e-001
7.061593751495825e-004	1.702147e+000	9.860914e-001
7.159250001495825e-004	1.768226e+000	1.050365e+000
7.256906251495825e-004	1.826983e+000	1.107598e+000
7.354562501495825e-004	1.877861e+000	1.157211e+000
7.452218751495825e-004	1.920373e+000	1.198703e+000
7.549875001495825e-004	1.954115e+000	1.231657e+000
7.647531251495825e-004	1.978765e+000	1.255743e+000
7.745187501495825e-004	1.994088e+000	1.270720e+000
7.842843751495825e-004	1.999938e+000	1.276440e+000
7.940500001495825e-004	1.996260e+000	1.272843e+000
8.038156251495825e-004	1.983088e+000	1.259968e+000
8.135812501495825e-004	1.960548e+000	1.237942e+000
8.233468751495826e-004	1.928855e+000	1.206985e+000
8.331125001495826e-004	1.888310e+000	1.167407e+000
8.428781251495826e-004	1.839301e+000	1.119606e+000
8.526437501495826e-004	1.782294e+000	1.064062e+000
8.624093751495826e-004	1.717833e+000	1.001340e+000
8.721750001495826e-004	1.646531e+000	9.320791e-001
8.819406251495826e-004	1.569068e+000	8.569946e-001
8.917062501495826e-004	1.486182e+000	7.768723e-001
9.112375001495826e-004	1.307346e+000	6.050115e-001
9.405343751495827e-004	1.019433e+000	3.335345e-001
9.503000001495827e-004	9.218577e-001	2.446032e-001
9.600656251495827e-004	8.250270e-001	1.600253e-001
9.698312501495827e-004	7.298638e-001	8.512479e-002
9.795968751495827e-004	6.372746e-001	3.131555e-002
9.893625001495827e-004	5.481420e-001	6.190837e-003
9.991281251495827e-004	4.633151e-001	4.077466e-004
1.008893750149583e-003	3.836025e-001	1.643045e-005
1.018659375149583e-003	3.097636e-001	7.727287e-007
1.028425000149583e-003	2.425020e-001	4.599230e-008
1.038190625149583e-003	1.824588e-001	3.649466e-009
1.047956250149583e-003	1.302061e-001	4.919977e-010
1.057721875149583e-003	8.624174e-002	1.395390e-010
1.067487500149583e-003	5.098478e-002	6.301500e-011
1.077253125149583e-003	2.477115e-002	2.936867e-011
1.087018750149583e-003	7.850629e-003	1.071719e-011
1.096784375149583e-003	3.844667e-004	2.828189e-012
1.106550000149583e-003	2.443807e-003	4.987862e-012
1.116315625149583e-003	1.400903e-002	1.734795e-011
1.126081250149583e-003	3.496992e-002	4.145357e-011
1.135846875149583e-003	6.512674e-002	8.653851e-011
1.145612500149583e-003	1.041921e-001	2.195967e-010
1.155378125149583e-003	1.517938e-001	1.066568e-009
1.165143750149583e-003	2.074782e-001	1.053487e-008
1.174909375149583e-003	2.707147e-001	1.509778e-007
1.184675000149583e-003	3.409006e-001	2.819132e-006
1.194440625149583e-003	4.173672e-001	6.534236e-005
1.204206250149583e-003	4.993858e-001	1.523060e-003
1.213971875149583e-003	5.861748e-001	1.370315e-002
1.223737500149583e-003	6.769073e-001	5.120923e-002
1.233503125149583e-003	7.707186e-001	1.156739e-001
1.243268750149583e-003	8.667147e-001	1.957946e-001
1.253034375149583e-003	9.639809e-001	2.826722e-001
1.282331250149583e-003	1.254124e+000	5.542005e-001
1.301862500149583e-003	1.436994e+000	7.294456e-001
1.311628125149583e-003	1.522611e+000	8.120539e-001
1.321393750149583e-003	1.603248e+000	8.901013e-001
1.331159375149583e-003	1.678136e+000	9.627623e-001
1.340925000149583e-003	1.746562e+000	1.029282e+000
1.350690625149583e-003	1.807874e+000	1.088977e+000
1.360456250149583e-003	1.861488e+000	1.141239e+000
1.370221875149583e-003	1.906892e+000	1.185542e+000
1.379987500149583e-003	1.943654e+000	1.221439e+000
1.389753125149583e-003	1.971424e+000	1.248570e+000
1.399518750149583e-003	1.989938e+000	1.266664e+000
1.409284375149583e-003	1.999018e+000	1.275540e+000
1.419050000149583e-003	1.998578e+000	1.275110e+000
1.428815625149583e-003	1.988623e+000	1.265378e+000
1.438581250149583e-003	1.969247e+000	1.246442e+000
1.448346875149583e-003	1.940634e+000	1.218489e+000
1.458112500149583e-003	1.903059e+000	1.181801e+000
1.467878125149583e-003	1.856878e+000	1.136744e+000
1.477643750149583e-003	1.802531e+000	1.083772e+000
1.487409375149583e-003	1.740537e+000	1.023421e+000
1.497175000149583e-003	1.671487e+000	9.563057e-001
1.506940625149583e-003	1.596037e+000	8.831155e-001
1.516706250149583e-003	1.514908e+000	8.046126e-001
1.536237500149583e-003	1.338750e+000	6.350689e-001
1.575300000149583e-003	9.549785e-001	2.744721e-001
1.585065625149583e-003	8.577908e-001	1.880045e-001
1.594831250149583e-003	7.619582e-001	1.088676e-001
1.604596875149583e-003	6.683939e-001	4.651188e-002
1.614362500149583e-003	5.779896e-001	1.172909e-002
1.624128125149583e-003	4.916067e-001	1.164563e-003
1.633893750149583e-003	4.100683e-001	4.854871e-005
1.643659375149583e-003	3.341515e-001	2.129536e-006
1.653425000149583e-003	2.645797e-001	1.163651e-007
1.663190625149583e-003	2.020158e-001	8.217854e-009
1.672956250149583e-003	1.470561e-001	8.992980e-010
1.682721875149583e-003	1.002242e-001	1.981337e-010
1.692487500149583e-003	6.196639e-002	8.084901e-011
1.702253125149583e-003	3.264728e-002	3.864291e-011
1.712018750149583e-003	1.254623e-002	1.576583e-011
1.721784375149583e-003	1.854796e-003	4.370487e-012
1.731550000149583e-003	6.748528e-004	3.131510e-012
1.741315625149583e-003	9.017645e-003	1.196002e-011
1.751081250149583e-003	2.680367e-002	3.169720e-011
1.760846875149583e-003	5.386345e-002	6.729522e-011
1.770612500149583e-003	8.993912e-002	1.520069e-010
1.780378125149583e-003	1.346869e-001	5.702435e-010
1.790143750149583e-003	1.876804e-001	4.482180e-009
1.799909375149583e-003	2.484147e-001	5.890606e-008
1.809675000149583e-003	3.163109e-001	1.014967e-006
1.819440625149583e-003	3.907221e-001	2.200882e-005
1.829206250149583e-003	4.709392e-001	5.459302e-004
1.838971875149584e-003	5.561978e-001	7.455383e-003
1.848737500149584e-003	6.456855e-001	3.511084e-002
1.858503125149584e-003	7.385495e-001	9.136141e-002
1.868268750149584e-003	8.339049e-001	1.675593e-001
1.878034375149584e-003	9.308431e-001	2.526717e-001
1.897565625149584e-003	1.125766e+000	4.326269e-001
1.917096875149584e-003	1.315907e+000	6.131905e-001
1.936628125149584e-003	1.494036e+000	7.844504e-001
1.946393750149584e-003	1.576453e+000	8.641437e-001
1.956159375149584e-003	1.653378e+000	9.387234e-001
1.965925000149583e-003	1.724076e+000	1.007410e+000
1.975690625149583e-003	1.787875e+000	1.069496e+000
1.985456250149583e-003	1.844165e+000	1.124348e+000
1.995221875149583e-003	1.892412e+000	1.171410e+000
2.004987500149583e-003	1.932155e+000	1.210207e+000
2.014753125149582e-003	1.963015e+000	1.240352e+000
2.024518750149582e-003	1.984698e+000	1.261542e+000
2.034284375149582e-003	1.996998e+000	1.273565e+000
2.044050000149582e-003	1.999797e+000	1.276302e+000
2.053815625149582e-003	1.993069e+000	1.269725e+000
2.063581250149581e-003	1.976878e+000	1.253899e+000
2.073346875149581e-003	1.951378e+000	1.228984e+000
2.083112500149581e-003	1.916813e+000	1.195227e+000
2.092878125149581e-003	1.873510e+000	1.152967e+000
2.102643750149580e-003	1.821884e+000	1.102629e+000
2.112409375149580e-003	1.762426e+000	1.044721e+000
2.122175000149580e-003	1.695703e+000	9.798301e-001
2.131940625149580e-003	1.622351e+000	9.086224e-001
2.141706250149580e-003	1.543068e+000	8.318350e-001
2.151471875149579e-003	1.458609e+000	7.502765e-001
2.171003125149579e-003	1.277429e+000	5.764362e-001
2.200300000149578e-003	9.881489e-001	3.047441e-001
2.210065625149578e-003	8.907111e-001	2.168511e-001
2.219831250149578e-003	7.943147e-001	1.345455e-001
2.229596875149578e-003	6.998783e-001	6.498288e-002
2.239362500149578e-003	6.083019e-001	2.016970e-002
2.249128125149577e-003	5.204580e-001	2.969847e-003
2.258893750149577e-003	4.371838e-001	1.453339e-004
2.268659375149577e-003	3.592727e-001	6.029378e-006
2.278425000149577e-003	2.874672e-001	3.045756e-007
2.288190625149577e-003	2.224516e-001	1.978195e-008
2.297956250149576e-003	1.648453e-001	1.788769e-009
2.307721875149576e-003	1.151974e-001	3.033208e-010
2.317487500149576e-003	7.398092e-002	1.053933e-010
2.327253125149576e-003	4.158862e-002	4.991398e-011
2.337018750149575e-003	1.832918e-002	2.210461e-011
2.346784375149575e-003	4.424247e-003	7.078220e-012
2.356550000149575e-003	6.319360e-006	2.402672e-012
2.366198151134768e-003	4.999490e-003	7.654949e-012
2.375963776134768e-003	1.947767e-002	2.337227e-011
2.385729401134768e-003	4.329941e-002	5.214119e-011
2.395495026134768e-003	7.623772e-002	1.105827e-010
2.405260651134767e-003	1.179787e-001	3.284591e-010
2.415026276134767e-003	1.681246e-001	2.020391e-009
2.424791901134767e-003	2.261976e-001	2.312574e-008
2.434557526134767e-003	2.916443e-001	3.626942e-007
2.444323151134767e-003	3.638410e-001	7.280979e-006
2.454088776134766e-003	4.420998e-001	1.770459e-004
2.463854401134766e-003	5.256749e-001	3.453121e-003
2.473620026134766e-003	6.137699e-001	2.204113e-002
2.483385651134766e-003	7.055454e-001	6.861396e-002
2.493151276134766e-003	8.001269e-001	1.393101e-001
2.502916901134765e-003	8.966129e-001	2.220570e-001
2.512682526134765e-003	9.940841e-001	3.100801e-001
2.541979401134765e-003	1.283127e+000	5.818621e-001
2.561510651134764e-003	1.463876e+000	7.553505e-001
2.571276276134764e-003	1.548042e+000	8.366448e-001
2.581041901134764e-003	1.626986e+000	9.131162e-001
2.590807526134764e-003	1.699955e+000	9.839607e-001
2.600573151134763e-003	1.766254e+000	1.048445e+000
2.610338776134763e-003	1.825251e+000	1.105910e+000
2.620104401134763e-003	1.876384e+000	1.155771e+000
2.629870026134763e-003	1.919166e+000	1.197525e+000
2.639635651134762e-003	1.953190e+000	1.230753e+000
2.649401276134762e-003	1.978130e+000	1.255123e+000
2.659166901134762e-003	1.993749e+000	1.270389e+000
2.668932526134762e-003	1.999899e+000	1.276401e+000
2.678698151134762e-003	1.996521e+000	1.273099e+000
2.688463776134761e-003	1.983646e+000	1.260514e+000
2.698229401134761e-003	1.961398e+000	1.238773e+000
2.707995026134761e-003	1.929989e+000	1.208093e+000
2.717760651134761e-003	1.889718e+000	1.168781e+000
2.727526276134761e-003	1.840969e+000	1.121231e+000
2.737291901134760e-003	1.784206e+000	1.065923e+000
2.747057526134760e-003	1.719970e+000	1.003418e+000
2.756823151134760e-003	1.648873e+000	9.343523e-001
2.766588776134760e-003	1.571593e+000	8.594395e-001
2.776354401134760e-003	1.488866e+000	7.794631e-001
2.795885651134759e-003	1.310270e+000	6.078077e-001
2.825182526134759e-003	1.022507e+000	3.363743e-001
2.834948151134758e-003	9.249231e-001	2.473149e-001
2.844713776134758e-003	8.280548e-001	1.625031e-001
2.854479401134758e-003	7.328252e-001	8.719181e-002
2.864245026134758e-003	6.401414e-001	3.258134e-002
2.874010651134757e-003	5.508868e-001	6.603878e-003
2.883776276134757e-003	4.659118e-001	4.506246e-004
2.893541901134757e-003	3.860263e-001	1.815070e-005
2.903307526134757e-003	3.119914e-001	8.478983e-007
2.913073151134757e-003	2.445127e-001	5.005301e-008
2.922838776134756e-003	1.842331e-001	3.925795e-009
2.932604401134756e-003	1.317271e-001	5.182751e-010
2.942370026134756e-003	8.749507e-002	1.437695e-010
2.952135651134756e-003	5.195842e-002	6.446960e-011
2.961901276134756e-003	2.545581e-002	3.015590e-011
2.971666901134755e-003	8.239799e-003	1.113275e-011
2.981432526134755e-003	4.744349e-004	2.922429e-012
2.991198151134755e-003	2.233716e-003	4.766990e-012
3.000963776134755e-003	1.350088e-002	1.679508e-011
3.010729401134755e-003	3.416856e-002	4.046877e-011
3.020495026134754e-003	6.403980e-002	8.449570e-011
3.030260651134754e-003	1.028300e-001	2.115833e-010
3.040026276134754e-003	1.501694e-001	1.002815e-009
3.049791901134754e-003	2.056070e-001	9.740918e-009
3.059557526134754e-003	2.686146e-001	1.382467e-007
3.069323151134753e-003	3.385916e-001	2.561784e-006
3.079088776134753e-003	4.148713e-001	5.903836e-005
3.088854401134753e-003	4.967268e-001	1.391296e-003
3.098620026134753e-003	5.833780e-001	1.300667e-002
3.108385651134752e-003	6.739993e-001	4.957928e-002
3.118151276134752e-003	7.677272e-001	1.133333e-001
3.127916901134752e-003	8.636684e-001	1.931368e-001
3.137682526134752e-003	9.609087e-001	2.798747e-001
3.166979401134751e-003	1.251149e+000	5.513670e-001
3.186510651134751e-003	1.434227e+000	7.267805e-001
3.196276276134751e-003	1.519987e+000	8.095183e-001
3.206041901134750e-003	1.600793e+000	8.877222e-001
3.215807526134750e-003	1.675873e+000	9.605647e-001
3.225573151134750e-003	1.744513e+000	1.027288e+000
3.235338776134750e-003	1.806058e+000	1.087208e+000
3.245104401134750e-003	1.859922e+000	1.139713e+000
3.254870026134749e-003	1.905592e+000	1.184273e+000
3.264635651134749e-003	1.942632e+000	1.220441e+000
3.274401276134749e-003	1.970690e+000	1.247852e+000
3.284166901134749e-003	1.989498e+000	1.266234e+000
3.293932526134749e-003	1.998877e+000	1.275402e+000
3.303698151134748e-003	1.998737e+000	1.275266e+000
3.313463776134748e-003	1.989081e+000	1.265826e+000
3.323229401134748e-003	1.969999e+000	1.247177e+000
3.332995026134748e-003	1.941674e+000	1.219504e+000
3.342760651134747e-003	1.904375e+000	1.183085e+000
3.352526276134747e-003	1.858458e+000	1.138286e+000
3.362291901134747e-003	1.804362e+000	1.085555e+000
3.372057526134747e-003	1.742600e+000	1.025428e+000
3.381823151134747e-003	1.673762e+000	9.585150e-001
3.391588776134746e-003	1.598503e+000	8.855048e-001
3.401354401134746e-003	1.517541e+000	8.071569e-001
3.420885651134746e-003	1.341641e+000	6.378389e-001
3.450182526134745e-003	1.055665e+000	3.671207e-001
3.459948151134745e-003	9.580500e-001	2.772628e-001
3.469713776134745e-003	8.608346e-001	1.906472e-001
3.479479401134745e-003	7.649453e-001	1.111763e-001
3.489245026134744e-003	6.712959e-001	4.809000e-002
3.499010651134744e-003	5.807788e-001	1.237733e-002
3.508776276134744e-003	4.942565e-001	1.277588e-003
3.518541901134744e-003	4.125535e-001	5.372223e-005
3.528307526134744e-003	3.364484e-001	2.343329e-006
3.538073151134743e-003	2.666664e-001	1.270210e-007
3.547838776134743e-003	2.038725e-001	8.881728e-009
3.557604401134743e-003	1.486650e-001	9.552418e-010
3.567370026134743e-003	1.015700e-001	2.053955e-010
3.577135651134742e-003	6.303624e-002	8.278365e-011
3.586901276134742e-003	3.343101e-002	3.959523e-011
3.596666901134742e-003	1.303637e-002	1.629749e-011
3.606432526134742e-003	2.046678e-003	4.572126e-012
3.616198151134742e-003	5.666461e-004	3.018206e-012
3.625963776134741e-003	8.610381e-003	1.152431e-011
3.635729401134741e-003	2.610123e-002	3.088366e-011
3.645495026134741e-003	5.287253e-002	6.577564e-011
3.655260651134741e-003	8.866916e-002	1.474092e-010
3.665026276134741e-003	1.331500e-001	5.405598e-010
3.674791901134740e-003	1.858912e-001	4.163067e-009
3.684557526134740e-003	2.463902e-001	5.409646e-008
3.694323151134740e-003	3.140705e-001	9.245667e-007
3.704088776134740e-003	3.882871e-001	1.991616e-005
3.713854401134740e-003	4.683328e-001	4.943897e-004
3.723620026134739e-003	5.534449e-001	7.005285e-003
3.733385651134739e-003	6.428122e-001	3.378745e-002
3.743151276134739e-003	7.355832e-001	8.921403e-002
3.752916901134739e-003	8.308740e-001	1.649850e-001
3.762682526134739e-003	9.277763e-001	2.499117e-001
3.772448151134738e-003	1.025367e+000	3.389492e-001
3.801745026134738e-003	1.312989e+000	6.103985e-001
3.821276276134737e-003	1.491360e+000	7.818676e-001
3.831041901134737e-003	1.573938e+000	8.617085e-001
3.840807526134737e-003	1.651047e+000	9.364614e-001
3.850573151134737e-003	1.721952e+000	1.005345e+000
3.860338776134736e-003	1.785978e+000	1.067649e+000
3.870104401134736e-003	1.842513e+000	1.122737e+000
3.879870026134736e-003	1.891021e+000	1.170052e+000
3.889635651134736e-003	1.931037e+000	1.209116e+000
3.899401276134736e-003	1.962182e+000	1.239538e+000
3.909166901134736e-003	1.984157e+000	1.261014e+000
3.918932526134736e-003	1.996755e+000	1.273328e+000
3.928698151134735e-003	1.999854e+000	1.276358e+000
3.938463776134735e-003	1.993426e+000	1.270073e+000
3.948229401134735e-003	1.977531e+000	1.254537e+000
3.957995026134735e-003	1.952321e+000	1.229905e+000
3.967760651134735e-003	1.918036e+000	1.196421e+000
3.977526276134734e-003	1.875003e+000	1.154423e+000
3.987291901134734e-003	1.823632e+000	1.104332e+000
3.997057526134734e-003	1.764412e+000	1.046653e+000
4.006823151134734e-003	1.697909e+000	9.819730e-001
4.016588776134734e-003	1.624754e+000	9.109533e-001
4.026354401134733e-003	1.545647e+000	8.343296e-001
4.036120026134733e-003	1.461339e+000	7.529082e-001
4.055651276134733e-003	1.280382e+000	5.792536e-001
4.084948151134732e-003	9.912231e-001	3.075637e-001
4.094713776134732e-003	8.937676e-001	2.195565e-001
4.104479401134732e-003	7.973244e-001	1.370007e-001
4.114245026134731e-003	7.028124e-001	6.685031e-002
4.124010651134731e-003	6.111325e-001	2.112381e-002
4.133776276134731e-003	5.231581e-001	3.213435e-003
4.143541901134731e-003	4.397277e-001	1.610425e-004
4.153307526134731e-003	3.616362e-001	6.647560e-006
4.163073151134730e-003	2.896277e-001	3.333806e-007
4.172838776134730e-003	2.243885e-001	2.146084e-008
4.182604401134730e-003	1.665403e-001	1.913682e-009
4.192370026134730e-003	1.166342e-001	3.169219e-010
4.202135651134730e-003	7.514582e-002	1.081662e-010
4.211901276134729e-003	4.247056e-002	5.108093e-011
4.221666901134729e-003	1.891975e-002	2.276079e-011
4.231432526134729e-003	4.717831e-003	7.388700e-012
4.241198151134729e-003	1.155304e-007	2.347887e-012
4.250653131606650e-003	4.512000e-003	7.091912e-012
4.260418756606650e-003	1.850672e-002	2.229404e-011
4.270184381606650e-003	4.185426e-002	5.022137e-011
4.279950006606650e-003	7.433213e-002	1.059842e-010
4.289715631606649e-003	1.156308e-001	3.056394e-010
4.299481256606649e-003	1.653568e-001	1.809221e-009
4.309246881606649e-003	2.230363e-001	2.024613e-008
4.319012506606649e-003	2.881196e-001	3.129883e-007
4.328778131606649e-003	3.599865e-001	6.209789e-006
4.338543756606648e-003	4.379522e-001	1.499964e-004
4.348309381606648e-003	5.212737e-001	3.042060e-003
4.358075006606648e-003	6.091571e-001	2.045748e-002
4.367840631606648e-003	7.007650e-001	6.554783e-002
4.377606256606647e-003	7.952242e-001	1.353001e-001
4.387371881606647e-003	8.916349e-001	2.176426e-001
4.397137506606647e-003	9.890781e-001	3.054778e-001
4.426434381606646e-003	1.278322e+000	5.772761e-001
4.445965631606646e-003	1.459435e+000	7.510690e-001
4.455731256606646e-003	1.543848e+000	8.325875e-001
4.465496881606646e-003	1.623078e+000	9.093263e-001
4.475262506606645e-003	1.696371e+000	9.804778e-001
4.485028131606645e-003	1.763028e+000	1.045305e+000
4.494793756606645e-003	1.822413e+000	1.103144e+000
4.504559381606645e-003	1.873962e+000	1.153408e+000
4.514325006606645e-003	1.917183e+000	1.195589e+000
4.524090631606644e-003	1.951664e+000	1.229263e+000
4.533856256606644e-003	1.977076e+000	1.254093e+000
4.543621881606644e-003	1.993178e+000	1.269831e+000
4.553387506606644e-003	1.999815e+000	1.276320e+000
4.563153131606644e-003	1.996925e+000	1.273494e+000
4.572918756606643e-003	1.984535e+000	1.261383e+000
4.582684381606643e-003	1.962764e+000	1.240107e+000
4.592450006606643e-003	1.931818e+000	1.209879e+000
4.602215631606643e-003	1.891992e+000	1.171000e+000
4.611981256606642e-003	1.843667e+000	1.123862e+000
4.621746881606642e-003	1.787302e+000	1.068939e+000
4.631512506606642e-003	1.723435e+000	1.006787e+000
4.641278131606642e-003	1.652674e+000	9.380413e-001
4.651043756606642e-003	1.575694e+000	8.634098e-001
4.660809381606641e-003	1.493227e+000	7.836728e-001
4.680340631606641e-003	1.315025e+000	6.123559e-001
4.709637506606640e-003	1.027511e+000	3.410018e-001
4.719403131606640e-003	9.299160e-001	2.518061e-001
4.729168756606640e-003	8.329886e-001	1.666912e-001
4.738934381606640e-003	7.376526e-001	9.067039e-002
4.748700006606640e-003	6.448166e-001	3.470667e-002
4.758465631606639e-003	5.553652e-001	7.317262e-003
4.768231256606639e-003	4.701508e-001	5.298347e-004
4.777996881606639e-003	3.899854e-001	2.135366e-005
4.787762506606639e-003	3.156329e-001	9.867573e-007
4.797528131606639e-003	2.478019e-001	5.748212e-008
4.807293756606638e-003	1.871388e-001	4.425738e-009
4.817059381606638e-003	1.342215e-001	5.650673e-010
4.826825006606638e-003	8.955432e-002	1.510911e-010
4.836590631606638e-003	5.356297e-002	6.691402e-011
4.846356256606637e-003	2.659037e-002	3.146765e-011
4.856121881606637e-003	8.893549e-003	1.183194e-011
4.865887506606637e-003	6.411477e-004	3.097097e-012
4.875653131606637e-003	1.911804e-003	4.428771e-012
4.885418756606637e-003	1.269341e-002	1.591867e-011
4.895184381606636e-003	3.288322e-002	3.890280e-011
4.904950006606636e-003	6.228885e-002	8.129884e-011
4.914715631606636e-003	1.006301e-001	1.994440e-010
4.924481256606636e-003	1.475416e-001	9.084440e-010
4.934246881606636e-003	2.025763e-001	8.328717e-009
4.944012506606635e-003	2.652098e-001	1.193360e-007
4.953778131606635e-003	3.348452e-001	2.192821e-006
4.963543756606635e-003	4.108190e-001	5.006010e-005
4.973309381606635e-003	4.924072e-001	1.197341e-003
4.983075006606635e-003	5.788323e-001	1.192667e-002
4.992840631606634e-003	6.692708e-001	4.698262e-002
5.002606256606634e-003	7.628609e-001	1.095534e-001
5.012371881606634e-003	8.587107e-001	1.888218e-001
5.022137506606634e-003	9.559069e-001	2.753255e-001
5.061200006606633e-003	1.339625e+000	6.358987e-001
5.080731256606632e-003	1.515705e+000	8.053798e-001
5.090496881606632e-003	1.596783e+000	8.838369e-001
5.100262506606632e-003	1.672175e+000	9.569732e-001
5.110028131606632e-003	1.741161e+000	1.024028e+000
5.119793756606632e-003	1.803085e+000	1.084311e+000
5.129559381606631e-003	1.857356e+000	1.137210e+000
5.139325006606631e-003	1.903458e+000	1.182190e+000
5.149090631606631e-003	1.940949e+000	1.218797e+000
5.158856256606631e-003	1.969475e+000	1.246665e+000
5.168621881606631e-003	1.988762e+000	1.265514e+000
5.178387506606630e-003	1.998627e+000	1.275158e+000
5.188153131606630e-003	1.998976e+000	1.275499e+000
5.197918756606630e-003	1.989806e+000	1.266535e+000
5.207684381606630e-003	1.971204e+000	1.248354e+000
5.217450006606630e-003	1.943346e+000	1.221138e+000
5.227215631606629e-003	1.906500e+000	1.185160e+000
5.236981256606629e-003	1.861015e+000	1.140779e+000
5.246746881606629e-003	1.807326e+000	1.088443e+000
5.256512506606629e-003	1.745943e+000	1.028680e+000
5.266278131606629e-003	1.677453e+000	9.620996e-001
5.276043756606628e-003	1.602506e+000	8.893842e-001
5.285809381606628e-003	1.521819e+000	8.112902e-001
5.295575006606628e-003	1.436158e+000	7.286443e-001
5.315106256606627e-003	1.253225e+000	5.533631e-001
5.344403131606627e-003	9.630522e-001	2.818136e-001
5.354168756606627e-003	8.657937e-001	1.949641e-001
5.363934381606626e-003	7.698141e-001	1.149687e-001
5.373700006606626e-003	6.760280e-001	5.071878e-002
5.383465631606626e-003	5.853290e-001	1.348773e-002
5.393231256606626e-003	4.985815e-001	1.482211e-003
5.402996881606626e-003	4.166121e-001	6.336442e-005
5.412762506606625e-003	3.402020e-001	2.738359e-006
5.422528131606625e-003	2.700791e-001	1.465834e-007
5.432293756606625e-003	2.069118e-001	1.008778e-008
5.442059381606625e-003	1.513019e-001	1.055498e-009
5.451825006606625e-003	1.037795e-001	2.181059e-010
5.461590631606624e-003	6.479724e-002	8.606089e-011
5.471356256606624e-003	3.472672e-002	4.118315e-011
5.481121881606624e-003	1.385444e-002	1.718702e-011
5.490887506606624e-003	2.379305e-003	4.921877e-012
5.500653131606624e-003	4.106662e-004	2.854931e-012
5.510418756606623e-003	7.967280e-003	1.083739e-011
5.520184381606623e-003	2.497714e-002	2.958904e-011
5.529950006606623e-003	5.127815e-002	6.337834e-011
5.539715631606623e-003	8.661970e-002	1.403662e-010
5.549481256606622e-003	1.306650e-001	4.963449e-010
5.559246881606622e-003	1.829943e-001	3.695081e-009
5.569012506606622e-003	2.431090e-001	4.711988e-008
5.578778131606622e-003	3.104363e-001	7.946703e-007
5.588543756606622e-003	3.843345e-001	1.693220e-005
5.598309381606621e-003	4.640995e-001	4.202754e-004
5.608075006606621e-003	5.489712e-001	6.313723e-003
5.617840631606621e-003	6.381408e-001	3.169613e-002
5.627606256606621e-003	7.307587e-001	8.576154e-002
5.637371881606621e-003	8.259422e-001	1.608115e-001
5.647137506606620e-003	9.227842e-001	2.454257e-001
5.656903131606620e-003	1.020362e+000	3.343184e-001
5.686200006606620e-003	1.308230e+000	6.058474e-001
5.705731256606619e-003	1.486994e+000	7.776530e-001
5.715496881606619e-003	1.569832e+000	8.577324e-001
5.725262506606619e-003	1.647239e+000	9.327657e-001
5.735028131606619e-003	1.718479e+000	1.001968e+000
5.744793756606618e-003	1.782873e+000	1.064625e+000
5.754559381606618e-003	1.839806e+000	1.120098e+000
5.764325006606618e-003	1.888737e+000	1.167823e+000
5.774090631606618e-003	1.929199e+000	1.207321e+000
5.783856256606617e-003	1.960806e+000	1.238194e+000
5.793621881606617e-003	1.983258e+000	1.260134e+000
5.803387506606617e-003	1.996339e+000	1.272922e+000
5.813153131606617e-003	1.999927e+000	1.276429e+000
5.822918756606617e-003	1.993986e+000	1.270621e+000
5.832684381606616e-003	1.978574e+000	1.255557e+000
5.842450006606616e-003	1.953836e+000	1.231385e+000
5.852215631606616e-003	1.920009e+000	1.198348e+000
5.861981256606616e-003	1.877415e+000	1.156777e+000
5.871746881606616e-003	1.826461e+000	1.107089e+000
5.881512506606615e-003	1.767630e+000	1.049786e+000
5.891278131606615e-003	1.701485e+000	9.854488e-001
5.901043756606615e-003	1.628655e+000	9.147367e-001
5.910809381606615e-003	1.549835e+000	8.383814e-001
5.920575006606615e-003	1.465775e+000	7.571852e-001
5.940106256606614e-003	1.285183e+000	5.838369e-001
5.969403131606614e-003	9.962291e-001	3.121597e-001
5.979168756606613e-003	8.987467e-001	2.239725e-001
5.988934381606613e-003	8.022291e-001	1.410228e-001
5.998700006606613e-003	7.075961e-001	6.994534e-002
6.008465631606613e-003	6.157495e-001	2.274296e-002
6.018231256606612e-003	5.275644e-001	3.641706e-003
6.027996881606612e-003	4.438813e-001	1.900724e-004
6.037762506606612e-003	3.654975e-001	7.796063e-006
6.047528131606612e-003	2.931600e-001	3.864336e-007
6.057293756606612e-003	2.275581e-001	2.452199e-008
6.067059381606611e-003	1.693170e-001	2.138712e-009
6.076825006606611e-003	1.189915e-001	3.409614e-010
6.086590631606611e-003	7.706133e-002	1.129127e-010
6.096356256606611e-003	4.392599e-002	5.303221e-011
6.106121881606611e-003	1.990124e-002	2.385536e-011
6.115887506606610e-003	5.216007e-003	7.916091e-012
6.125653131606610e-003	1.023974e-005	2.422135e-012
6.135362249680238e-003	4.281151e-003	6.910428e-012
6.145127874680238e-003	1.803772e-002	2.177181e-011
6.154893499680238e-003	4.115156e-002	4.929797e-011
6.164659124680238e-003	7.340243e-002	1.038208e-010
6.174424749680238e-003	1.144830e-001	2.952192e-010
6.184190374680237e-003	1.640018e-001	1.714511e-009
6.193955999680237e-003	2.214870e-001	1.896908e-008
6.203721624680237e-003	2.863908e-001	2.911503e-007
6.213487249680237e-003	3.580946e-001	5.742962e-006
6.223252874680237e-003	4.359153e-001	1.382341e-004
6.233018499680236e-003	5.191113e-001	2.853962e-003
6.242784124680236e-003	6.068897e-001	1.970756e-002
6.252549749680236e-003	6.984141e-001	6.406307e-002
6.262315374680236e-003	7.928123e-001	1.333369e-001
6.272080999680236e-003	8.891850e-001	2.154739e-001
6.281846624680235e-003	9.866136e-001	3.032137e-001
6.311143499680235e-003	1.275954e+000	5.750164e-001
6.330674749680234e-003	1.457245e+000	7.489573e-001
6.340440374680234e-003	1.541778e+000	8.305854e-001
6.350205999680234e-003	1.621148e+000	9.074550e-001
6.359971624680234e-003	1.694600e+000	9.787568e-001
6.369737249680233e-003	1.761432e+000	1.043752e+000
6.379502874680233e-003	1.821009e+000	1.101775e+000
6.389268499680233e-003	1.872762e+000	1.152237e+000
6.399034124680233e-003	1.916198e+000	1.194627e+000
6.408799749680233e-003	1.950904e+000	1.228521e+000
6.418565374680232e-003	1.976549e+000	1.253577e+000
6.428330999680232e-003	1.992887e+000	1.269547e+000
6.438096624680232e-003	1.999765e+000	1.276270e+000
6.447862249680232e-003	1.997115e+000	1.273680e+000
6.457627874680232e-003	1.984964e+000	1.261802e+000
6.467393499680231e-003	1.963427e+000	1.240755e+000
6.477159124680231e-003	1.932709e+000	1.210749e+000
6.486924749680231e-003	1.893104e+000	1.172085e+000
6.496690374680231e-003	1.844988e+000	1.125150e+000
6.506455999680231e-003	1.788819e+000	1.070416e+000
6.516221624680230e-003	1.725134e+000	1.008440e+000
6.525987249680230e-003	1.654539e+000	9.398519e-001
6.535752874680230e-003	1.577707e+000	8.653597e-001
6.545518499680230e-003	1.495370e+000	7.857414e-001
6.565049749680229e-003	1.317364e+000	6.145930e-001
6.594346624680229e-003	1.029975e+000	3.432817e-001
6.604112249680228e-003	9.323749e-001	2.540210e-001
6.613877874680228e-003	8.354192e-001	1.687613e-001
6.623643499680228e-003	7.400318e-001	9.240276e-002
6.633409124680228e-003	6.471217e-001	3.578186e-002
6.643174749680228e-003	5.575742e-001	7.687623e-003
6.652940374680227e-003	4.722427e-001	5.735423e-004
6.662705999680227e-003	3.919403e-001	2.313633e-005
6.672471624680227e-003	3.174322e-001	1.063502e-006
6.682237249680227e-003	2.494283e-001	6.155248e-008
6.692002874680227e-003	1.885768e-001	4.696922e-009
6.701768499680226e-003	1.354575e-001	5.900916e-010
6.711534124680226e-003	9.057657e-002	1.549080e-010
6.721299749680226e-003	5.436168e-002	6.815382e-011
6.731065374680226e-003	2.715793e-002	3.212737e-011
6.740830999680226e-003	9.224545e-003	1.218648e-011
6.750596624680225e-003	7.324292e-004	3.192759e-012
6.760362249680225e-003	1.762501e-003	4.271990e-012
6.770127874680225e-003	1.230494e-002	1.549796e-011
6.779893499680225e-003	3.225930e-002	3.814844e-011
6.789659124680225e-003	6.143541e-002	7.978042e-011
6.799424749680224e-003	9.955527e-002	1.938499e-010
6.809190374680224e-003	1.462556e-001	8.659095e-010
6.818955999680224e-003	2.010914e-001	7.827519e-009
6.828721624680224e-003	2.635402e-001	1.112546e-007
6.838487249680223e-003	3.330068e-001	2.031739e-006
6.848252874680223e-003	4.088292e-001	4.616038e-005
6.858018499680223e-003	4.902851e-001	1.110742e-003
6.867784124680223e-003	5.765981e-001	1.141908e-002
6.877549749680223e-003	6.669458e-001	4.573069e-002
6.887315374680222e-003	7.604672e-001	1.077073e-001
6.897080999680222e-003	8.562711e-001	1.867032e-001
6.906846624680222e-003	9.534447e-001	2.730884e-001
6.945909124680221e-003	1.337305e+000	6.336766e-001
6.965440374680221e-003	1.513592e+000	8.033379e-001
6.975205999680221e-003	1.594804e+000	8.819188e-001
6.984971624680220e-003	1.670348e+000	9.551991e-001
6.994737249680220e-003	1.739505e+000	1.022416e+000
7.004502874680220e-003	1.801614e+000	1.082878e+000
7.014268499680220e-003	1.856085e+000	1.135970e+000
7.024034124680220e-003	1.902398e+000	1.181156e+000
7.033799749680219e-003	1.940112e+000	1.217979e+000
7.043565374680219e-003	1.968868e+000	1.246071e+000
7.053330999680219e-003	1.988391e+000	1.265151e+000
7.063096624680219e-003	1.998495e+000	1.275029e+000
7.072862249680218e-003	1.999085e+000	1.275605e+000
7.082627874680218e-003	1.990154e+000	1.266875e+000
7.092393499680218e-003	1.971788e+000	1.248925e+000
7.102159124680218e-003	1.944161e+000	1.221934e+000
7.111924749680218e-003	1.907538e+000	1.186173e+000
7.121690374680217e-003	1.862266e+000	1.141999e+000
7.131455999680217e-003	1.808778e+000	1.089858e+000
7.141221624680217e-003	1.747583e+000	1.030275e+000
7.150987249680217e-003	1.679263e+000	9.638585e-001
7.160752874680217e-003	1.604472e+000	8.912889e-001
7.170518499680216e-003	1.523919e+000	8.133208e-001
7.180284124680216e-003	1.438375e+000	7.307791e-001
7.199815374680216e-003	1.255609e+000	5.556334e-001
7.229112249680215e-003	9.655154e-001	2.840569e-001
7.238877874680215e-003	8.682365e-001	1.970956e-001
7.248643499680215e-003	7.722133e-001	1.168504e-001
7.258409124680215e-003	6.783608e-001	5.203979e-002
7.268174749680214e-003	5.875731e-001	1.406015e-002
7.277940374680214e-003	5.007156e-001	1.592935e-003
7.287705999680214e-003	4.186158e-001	6.873420e-005
7.297471624680214e-003	3.420561e-001	2.956455e-006
7.307237249680213e-003	2.717661e-001	1.573349e-007
7.317002874680213e-003	2.084155e-001	1.074439e-008
7.326768499680213e-003	1.526081e-001	1.109419e-009
7.336534124680213e-003	1.048756e-001	2.248001e-010
7.346299749680213e-003	6.567288e-002	8.773581e-011
7.356065374680212e-003	3.537354e-002	4.198242e-011
7.365830999680212e-003	1.426629e-002	1.763589e-011
7.375596624680212e-003	2.552259e-003	5.103841e-012
7.385362249680212e-003	3.430730e-004	2.784197e-012
7.395127874680212e-003	7.659785e-003	1.050941e-011
7.404893499680211e-003	2.443267e-002	2.896508e-011
7.414659124680211e-003	5.050190e-002	6.223144e-011
7.424424749680211e-003	8.561905e-002	1.370862e-010
7.434190374680211e-003	1.294495e-001	4.762966e-010
7.443955999680211e-003	1.815756e-001	3.486027e-009
7.453721624680210e-003	2.415005e-001	4.403566e-008
7.463487249680210e-003	3.086534e-001	7.377586e-007
7.473252874680210e-003	3.823942e-001	1.563444e-005
7.483018499680210e-003	4.620202e-001	3.878330e-004
7.492784124680210e-003	5.467728e-001	5.991529e-003
7.502549749680209e-003	6.358442e-001	3.069566e-002
7.512315374680209e-003	7.283857e-001	8.408238e-002
7.522080999680209e-003	8.235155e-001	1.587653e-001
7.531846624680209e-003	9.203271e-001	2.432208e-001
7.541612249680208e-003	1.017898e+000	3.320400e-001
7.570909124680208e-003	1.305885e+000	6.036044e-001
7.590440374680207e-003	1.484840e+000	7.755739e-001
7.600205999680207e-003	1.567805e+000	8.557699e-001
7.609971624680207e-003	1.645359e+000	9.309406e-001
7.619737249680207e-003	1.716763e+000	1.000299e+000
7.629502874680207e-003	1.781337e+000	1.063130e+000
7.639268499680206e-003	1.838466e+000	1.118791e+000
7.649034124680206e-003	1.887604e+000	1.166718e+000
7.658799749680206e-003	1.928285e+000	1.206429e+000
7.668565374680206e-003	1.960120e+000	1.237524e+000
7.678330999680206e-003	1.982805e+000	1.259692e+000
7.688096624680205e-003	1.996126e+000	1.272713e+000
7.697862249680205e-003	1.999954e+000	1.276455e+000
7.707627874680205e-003	1.994253e+000	1.270882e+000
7.717393499680205e-003	1.979078e+000	1.256050e+000
7.727159124680205e-003	1.954574e+000	1.232105e+000
7.736924749680204e-003	1.920972e+000	1.199288e+000
7.746690374680204e-003	1.878595e+000	1.157928e+000
7.756455999680204e-003	1.827846e+000	1.108439e+000
7.766221624680204e-003	1.769208e+000	1.051321e+000
7.775987249680203e-003	1.703239e+000	9.871539e-001
7.785752874680203e-003	1.630570e+000	9.165941e-001
7.795518499680203e-003	1.551892e+000	8.403715e-001
7.805284124680203e-003	1.467955e+000	7.592871e-001
7.824815374680202e-003	1.287545e+000	5.860915e-001
7.854112249680202e-003	9.986938e-001	3.144246e-001
7.863877874680202e-003	9.011990e-001	2.261515e-001
7.873643499680201e-003	8.046457e-001	1.430138e-001
7.883409124680201e-003	7.099540e-001	7.149349e-002
7.893174749680201e-003	6.180261e-001	2.357020e-002
7.902940374680201e-003	5.297382e-001	3.867579e-003
7.912705999680201e-003	4.459314e-001	2.062173e-004
7.922471624680200e-003	3.674045e-001	8.434069e-006
7.932237249680200e-003	2.949057e-001	4.156767e-007
7.942002874680200e-003	2.291258e-001	2.619405e-008
7.951768499680200e-003	1.706917e-001	2.260308e-009
7.961534124680200e-003	1.201603e-001	3.537327e-010
7.971299749680199e-003	7.801293e-002	1.153624e-010
7.981065374680199e-003	4.465137e-002	5.401713e-011
7.990830999680199e-003	2.039349e-002	2.440629e-011
8.000596624680199e-003	5.470442e-003	8.185715e-012
8.010362249680198e-003	2.443114e-005	2.451144e-012
8.020127874680198e-003	4.107354e-003	6.740742e-012
8.029893499680198e-003	1.768030e-002	2.137582e-011
8.039659124680198e-003	4.061394e-002	4.859648e-011
8.049424749680198e-003	7.268973e-002	1.021961e-010
8.059190374680197e-003	1.136020e-001	2.875290e-010
8.068955999680197e-003	1.629609e-001	1.645353e-009
8.078721624680197e-003	2.202961e-001	1.804269e-008
8.088487249680197e-003	2.850612e-001	2.753947e-007
8.098252874680197e-003	3.566391e-001	5.407739e-006
8.108018499680196e-003	4.343477e-001	1.298010e-004
8.117784124680196e-003	5.174465e-001	2.715238e-003
8.127549749680196e-003	6.051437e-001	1.914288e-002
8.137315374680196e-003	6.966034e-001	6.293003e-002
8.147080999680196e-003	7.909543e-001	1.318289e-001
8.156846624680195e-003	8.872972e-001	2.138045e-001
8.166612249680195e-003	9.847141e-001	3.014696e-001
8.195909124680195e-003	1.274127e+000	5.732739e-001
8.215440374680194e-003	1.455554e+000	7.473279e-001
8.225205999680194e-003	1.540180e+000	8.290402e-001
8.234971624680194e-003	1.619658e+000	9.060103e-001
8.244737249680193e-003	1.693232e+000	9.774277e-001
8.254502874680193e-003	1.760199e+000	1.042552e+000
8.264268499680193e-003	1.819923e+000	1.100717e+000
8.274034124680193e-003	1.871833e+000	1.151331e+000
8.283799749680193e-003	1.915435e+000	1.193882e+000
8.293565374680192e-003	1.950315e+000	1.227945e+000
8.303330999680192e-003	1.976138e+000	1.253176e+000
8.313096624680192e-003	1.992660e+000	1.269324e+000
8.322862249680192e-003	1.999722e+000	1.276228e+000
8.332627874680192e-003	1.997258e+000	1.273819e+000
8.342393499680191e-003	1.985291e+000	1.262121e+000
8.352159124680191e-003	1.963935e+000	1.241251e+000
8.361924749680191e-003	1.933393e+000	1.211417e+000
8.371690374680191e-003	1.893957e+000	1.172917e+000
8.381455999680191e-003	1.846002e+000	1.126139e+000
8.391221624680190e-003	1.789986e+000	1.071552e+000
8.400987249680190e-003	1.726441e+000	1.009711e+000
8.410752874680190e-003	1.655974e+000	9.412448e-001
8.420518499680190e-003	1.579257e+000	8.668603e-001
8.430284124680190e-003	1.497019e+000	7.873338e-001
8.449815374680189e-003	1.319165e+000	6.163161e-001
8.488877874680188e-003	9.342703e-001	2.557298e-001
8.498643499680188e-003	8.372933e-001	1.703603e-001
8.508409124680188e-003	7.418666e-001	9.374662e-002
8.518174749680188e-003	6.488998e-001	3.662341e-002
8.527940374680187e-003	5.592787e-001	7.981919e-003
8.537705999680187e-003	4.738573e-001	6.095340e-004
8.547471624680187e-003	3.934495e-001	2.461303e-005
8.557237249680187e-003	3.188217e-001	1.126816e-006
8.567002874680187e-003	2.506850e-001	6.489341e-008
8.576768499680186e-003	1.896886e-001	4.918205e-009
8.586534124680186e-003	1.364138e-001	6.103442e-010
8.596299749680186e-003	9.136824e-002	1.579519e-010
8.606065374680186e-003	5.498119e-002	6.912648e-011
8.615830999680186e-003	2.759940e-002	3.264220e-011
8.625596624680185e-003	9.483764e-003	1.246440e-011
8.635362249680185e-003	8.069259e-004	3.270843e-012
8.645127874680185e-003	1.651565e-003	4.155534e-012
8.654893499680185e-003	1.200963e-002	1.517852e-011
8.664659124680185e-003	3.178243e-002	3.757434e-011
8.674424749680184e-003	6.078152e-002	7.863384e-011
8.684190374680184e-003	9.873059e-002	1.896989e-010
8.693955999680184e-003	1.452680e-001	8.347599e-010
8.703721624680184e-003	1.999503e-001	7.463213e-009
8.713487249680183e-003	2.622564e-001	1.054138e-007
8.723252874680183e-003	3.315926e-001	1.915896e-006
8.733018499680183e-003	4.072981e-001	4.336573e-005
8.742784124680183e-003	4.886516e-001	1.048850e-003
8.752549749680183e-003	5.748779e-001	1.104064e-002
8.762315374680182e-003	6.651552e-001	4.477890e-002
8.772080999680182e-003	7.586232e-001	1.062912e-001
8.781846624680182e-003	8.543915e-001	1.850730e-001
8.791612249680182e-003	9.515471e-001	2.713655e-001
8.830674749680181e-003	1.335516e+000	6.319628e-001
8.850205999680181e-003	1.511961e+000	8.017622e-001
8.859971624680180e-003	1.593276e+000	8.804381e-001
8.869737249680180e-003	1.668937e+000	9.538291e-001
8.879502874680180e-003	1.738225e+000	1.021171e+000
8.889268499680180e-003	1.800477e+000	1.081771e+000
8.899034124680180e-003	1.855102e+000	1.135012e+000
8.908799749680179e-003	1.901578e+000	1.180355e+000
8.918565374680179e-003	1.939463e+000	1.217345e+000
8.928330999680179e-003	1.968396e+000	1.245610e+000
8.938096624680179e-003	1.988100e+000	1.264868e+000
8.947862249680178e-003	1.998389e+000	1.274925e+000
8.957627874680178e-003	1.999164e+000	1.275683e+000
8.967393499680178e-003	1.990418e+000	1.267133e+000
8.977159124680178e-003	1.972234e+000	1.249361e+000
8.986924749680178e-003	1.944785e+000	1.222544e+000
8.996690374680177e-003	1.908334e+000	1.186950e+000
9.006455999680177e-003	1.863227e+000	1.142936e+000
9.016221624680177e-003	1.809894e+000	1.090945e+000
9.025987249680177e-003	1.748843e+000	1.031502e+000
9.035752874680177e-003	1.680656e+000	9.652115e-001
9.045518499680176e-003	1.605984e+000	8.927546e-001
9.055284124680176e-003	1.525537e+000	8.148839e-001
9.065049749680176e-003	1.440081e+000	7.324228e-001
9.084580999680176e-003	1.257445e+000	5.573825e-001
9.113877874680175e-003	9.674140e-001	2.857872e-001
9.123643499680175e-003	8.701199e-001	1.987412e-001
9.133409124680175e-003	7.740635e-001	1.183071e-001
9.143174749680174e-003	6.801600e-001	5.306992e-002
9.152940374680174e-003	5.893044e-001	1.451321e-002
9.162705999680174e-003	5.023624e-001	1.683011e-003
9.172471624680174e-003	4.201624e-001	7.318317e-005
9.182237249680173e-003	3.434879e-001	3.136130e-006
9.192002874680173e-003	2.730693e-001	1.661756e-007
9.201768499680173e-003	2.095777e-001	1.128134e-008
9.211534124680173e-003	1.536183e-001	1.153200e-009
9.221299749680173e-003	1.057241e-001	2.301701e-010
9.231065374680172e-003	6.635164e-002	8.905589e-011
9.240830999680172e-003	3.587608e-002	4.260651e-011
9.250596624680172e-003	1.458781e-002	1.798680e-011
9.260362249680172e-003	2.689696e-003	5.248490e-012
9.270127874680172e-003	2.951203e-004	2.734024e-012
9.279893499680171e-003	7.426899e-003	1.026121e-011
9.289659124680171e-003	2.401707e-002	2.849013e-011
9.299424749680171e-003	4.990755e-002	6.136187e-011
9.309190374680171e-003	8.485162e-002	1.346373e-010
9.318955999680171e-003	1.285163e-001	4.615624e-010
9.328721624680170e-003	1.804855e-001	3.333732e-009
9.338487249680170e-003	2.402639e-001	4.180241e-008
9.348252874680170e-003	3.072821e-001	6.967638e-007
9.358018499680170e-003	3.809012e-001	1.470367e-005
9.367784124680170e-003	4.604198e-001	3.644941e-004
9.377549749680169e-003	5.450802e-001	5.751238e-003
9.387315374680169e-003	6.340756e-001	2.993781e-002
9.397080999680169e-003	7.265580e-001	8.279771e-002
9.406846624680169e-003	8.216460e-001	1.571921e-001
9.416612249680169e-003	9.184336e-001	2.415232e-001
9.426377874680168e-003	1.015998e+000	3.302846e-001
9.455674749680168e-003	1.304076e+000	6.018748e-001
9.475205999680167e-003	1.483178e+000	7.739697e-001
9.484971624680167e-003	1.566240e+000	8.542552e-001
9.494737249680167e-003	1.643906e+000	9.295313e-001
9.504502874680167e-003	1.715437e+000	9.990098e-001
9.514268499680166e-003	1.780150e+000	1.061974e+000
9.524034124680166e-003	1.837429e+000	1.117780e+000
9.533799749680166e-003	1.886728e+000	1.165863e+000
9.543565374680166e-003	1.927577e+000	1.205737e+000
9.553330999680166e-003	1.959587e+000	1.237003e+000
9.563096624680165e-003	1.982453e+000	1.259348e+000
9.572862249680165e-003	1.995957e+000	1.272548e+000
9.582627874680165e-003	1.999970e+000	1.276471e+000
9.592393499680165e-003	1.994455e+000	1.271079e+000
9.602159124680165e-003	1.979463e+000	1.256426e+000
9.611924749680164e-003	1.955138e+000	1.232657e+000
9.621690374680164e-003	1.921711e+000	1.200010e+000
9.631455999680164e-003	1.879501e+000	1.158811e+000
9.641221624680164e-003	1.828910e+000	1.109476e+000
9.650987249680164e-003	1.770420e+000	1.052501e+000
9.660752874680163e-003	1.704589e+000	9.884654e-001
9.670518499680163e-003	1.632043e+000	9.180232e-001
9.680284124680163e-003	1.553475e+000	8.419034e-001
9.690049749680163e-003	1.469633e+000	7.609055e-001
9.709580999680162e-003	1.289364e+000	5.878285e-001
9.738877874680162e-003	1.000594e+000	3.161712e-001
9.748643499680161e-003	9.030896e-001	2.278330e-001
9.758409124680161e-003	8.065091e-001	1.445530e-001
9.768174749680161e-003	7.117725e-001	7.269748e-002
9.777940374680161e-003	6.197824e-001	2.422134e-002
9.787705999680161e-003	5.314156e-001	4.048604e-003
9.797471624680160e-003	4.475139e-001	2.195808e-004
9.807237249680160e-003	3.688769e-001	8.962000e-006
9.817002874680160e-003	2.962540e-001	4.397643e-007
9.826768499680160e-003	2.303373e-001	2.756401e-008
9.836534124680160e-003	1.717547e-001	2.359307e-009
9.846299749680159e-003	1.210647e-001	3.640292e-010
9.856065374680159e-003	7.875019e-002	1.173043e-010
9.865830999680159e-003	4.521441e-002	5.478754e-011
9.875596624680159e-003	2.077695e-002	2.483639e-011
9.885362249680159e-003	5.670667e-003	8.398022e-012
9.895127874680158e-003	3.951438e-005	2.466946e-012
9.904893499680158e-003	3.937151e-003	6.561069e-012
9.914659124680158e-003	1.732644e-002	2.098488e-011
9.924424749680158e-003	4.007978e-002	4.790353e-011
9.934190374680157e-003	7.198036e-002	1.006072e-010
9.943955999680157e-003	1.127242e-001	2.801216e-010
9.953721624680157e-003	1.619231e-001	1.579358e-009
9.963487249680157e-003	2.191081e-001	1.716374e-008
9.973252874680157e-003	2.837343e-001	2.605167e-007
9.983018499680156e-003	3.551860e-001	5.092487e-006
9.992784124680156e-003	4.327822e-001	6.489283e-005
1.000000000000000e-002	4.936344e-001	1.928863e-004
