time	V(n001)	V(n002)	V(n003)
0.000000000000000e+000	1.000000e+000	3.151591e-001	1.961017e-007
5.714285781063416e-008	1.000571e+000	3.151591e-001	1.961017e-007
1.142857156212683e-007	1.001143e+000	3.151592e-001	1.961017e-007
1.714285734319025e-007	1.001714e+000	3.151593e-001	1.961017e-007
2.285714312425366e-007	1.002286e+000	3.151595e-001	1.961017e-007
2.857142890531708e-007	1.002857e+000	3.151598e-001	1.961017e-007
3.428571468638050e-007	1.003429e+000	3.151601e-001	1.961017e-007
4.000000046744390e-007	1.004000e+000	3.151604e-001	1.961017e-007
8.000000093488779e-007	1.008000e+000	3.151649e-001	1.961017e-007
1.600000018697756e-006	1.015999e+000	3.151874e-001	1.961017e-007
3.200000037395512e-006	1.031995e+000	3.153413e-001	1.961019e-007
6.400000074791024e-006	1.063956e+000	3.172700e-001	1.961078e-007
1.280000014958205e-005	1.127651e+000	3.326238e-001	1.962663e-007
2.098618024730582e-005	1.208325e+000	3.777801e-001	1.997649e-007
2.919504740359901e-005	1.287821e+000	4.455828e-001	2.153232e-007
3.251697539930585e-005	1.319470e+000	4.768964e-001	2.377841e-007
3.471512480679701e-005	1.340220e+000	4.979497e-001	2.753254e-007
3.640061026231092e-005	1.356021e+000	5.139645e-001	3.338863e-007
3.800321440123262e-005	1.370950e+000	5.290946e-001	4.371333e-007
3.959480905666689e-005	1.385683e+000	5.440311e-001	6.204915e-007
4.117243369429022e-005	1.400190e+000	5.587453e-001	9.478719e-007
4.286181054691429e-005	1.415614e+000	5.744015e-001	1.569230e-006
4.442141473980020e-005	1.429748e+000	5.887592e-001	2.587471e-006
4.602888250206735e-005	1.444207e+000	6.034559e-001	4.421041e-006
4.756368527369998e-005	1.457905e+000	6.173895e-001	7.459920e-006
4.913667048255923e-005	1.471831e+000	6.315652e-001	1.281559e-005
5.067637467141264e-005	1.485350e+000	6.453350e-001	2.180514e-005
5.224846988332192e-005	1.499035e+000	6.592813e-001	3.747327e-005
5.380904763627025e-005	1.512497e+000	6.730069e-001	6.399309e-005
5.539819446723602e-005	1.526078e+000	6.868545e-001	1.099159e-004
5.698991717768582e-005	1.539547e+000	7.005835e-001	1.880386e-004
5.861091687751983e-005	1.553124e+000	7.144037e-001	3.227772e-004
6.024891059508036e-005	1.566695e+000	7.281799e-001	5.526576e-004
6.192716165862459e-005	1.580442e+000	7.420604e-001	9.481318e-004
6.364974682036462e-005	1.594382e+000	7.560046e-001	1.624246e-003
6.545260627611743e-005	1.608783e+000	7.701883e-001	2.787784e-003
6.737791133919353e-005	1.623944e+000	7.847689e-001	4.792869e-003
6.952893287516645e-005	1.640608e+000	8.002736e-001	8.320499e-003
7.211720973902921e-005	1.660265e+000	8.178896e-001	1.480180e-002
7.569126284649779e-005	1.686680e+000	8.410423e-001	2.774447e-002
8.105995114377382e-005	1.724700e+000	8.749984e-001	5.317923e-002
8.699738586076068e-005	1.764312e+000	9.122680e-001	8.629481e-002
9.377686954417293e-005	1.806240e+000	9.538429e-001	1.268543e-001
1.024547466390116e-004	1.854479e+000	1.003854e+000	1.782046e-001
1.122203716390116e-004	1.901058e+000	1.054450e+000	2.320354e-001
1.219859966390116e-004	1.939051e+000	1.097914e+000	2.798725e-001
1.317516216390116e-004	1.968096e+000	1.133545e+000	3.207765e-001
1.415172466390116e-004	1.987915e+000	1.161199e+000	3.545873e-001
1.512828716390116e-004	1.998320e+000	1.181035e+000	3.815449e-001
1.610484966390116e-004	1.999213e+000	1.193537e+000	4.021904e-001
1.708141216390116e-004	1.990583e+000	1.199595e+000	4.173358e-001
1.805797466390116e-004	1.972514e+000	1.200584e+000	4.280103e-001
1.903453716390116e-004	1.945178e+000	1.198248e+000	4.353308e-001
2.001109966390116e-004	1.908835e+000	1.194328e+000	4.403282e-001
2.098766216390116e-004	1.863832e+000	1.190102e+000	4.438134e-001
2.196422466390116e-004	1.810597e+000	1.186188e+000	4.463402e-001
2.294078716390116e-004	1.749637e+000	1.182723e+000	4.482492e-001
2.391734966390117e-004	1.681535e+000	1.179645e+000	4.497406e-001
2.489391216390116e-004	1.606937e+000	1.176861e+000	4.509341e-001
2.587047466390116e-004	1.526557e+000	1.174302e+000	4.519045e-001
2.684703716390117e-004	1.441158e+000	1.171918e+000	4.527015e-001
2.782359966390117e-004	1.351556e+000	1.169674e+000	4.533599e-001
2.880016216390117e-004	1.258604e+000	1.167544e+000	4.539050e-001
2.977672466390117e-004	1.163187e+000	1.165511e+000	4.543556e-001
3.075328716390117e-004	1.066215e+000	1.163559e+000	4.547264e-001
3.172984966390117e-004	9.686128e-001	1.161677e+000	4.550289e-001
3.270641216390117e-004	8.713093e-001	1.159856e+000	4.552721e-001
3.368297466390117e-004	7.752321e-001	1.158088e+000	4.554637e-001
3.465953716390117e-004	6.812968e-001	1.156367e+000	4.556097e-001
3.563609966390117e-004	5.903984e-001	1.154688e+000	4.557154e-001
3.661266216390117e-004	5.034032e-001	1.153046e+000	4.557849e-001
3.758922466390117e-004	4.211401e-001	1.151438e+000	4.558221e-001
3.856578716390118e-004	3.443931e-001	1.149862e+000	4.558301e-001
3.954234966390118e-004	2.738935e-001	1.148313e+000	4.558116e-001
4.051891216390118e-004	2.103131e-001	1.146790e+000	4.557690e-001
4.149547466390118e-004	1.542577e-001	1.145290e+000	4.557045e-001
4.247203716390118e-004	1.062615e-001	1.143812e+000	4.556197e-001
4.344859966390118e-004	6.678195e-002	1.142354e+000	4.555164e-001
4.442516216390118e-004	3.619517e-002	1.140915e+000	4.553960e-001
4.540172466390118e-004	1.479265e-002	1.139493e+000	4.552598e-001
4.637828716390118e-004	2.778329e-003	1.138087e+000	4.551090e-001
4.735484966390118e-004	2.667004e-004	1.136697e+000	4.549446e-001
4.833141216390118e-004	7.281697e-003	1.135320e+000	4.547675e-001
4.930797466390118e-004	2.375647e-002	1.133957e+000	4.545787e-001
5.028453716390118e-004	4.953403e-002	1.132606e+000	4.543788e-001
5.126109966390118e-004	8.436874e-002	1.131267e+000	4.541686e-001
5.223766216390118e-004	1.279287e-001	1.129940e+000	4.539487e-001
5.321422466390118e-004	1.797987e-001	1.128623e+000	4.537198e-001
5.419078716390118e-004	2.394845e-001	1.127316e+000	4.534823e-001
5.516734966390119e-004	3.064175e-001	1.126018e+000	4.532368e-001
5.614391216390119e-004	3.799597e-001	1.124730e+000	4.529838e-001
5.712047466390119e-004	4.594103e-001	1.123450e+000	4.527236e-001
5.809703716390119e-004	5.440124e-001	1.122178e+000	4.524567e-001
5.907359966390119e-004	6.329596e-001	1.120914e+000	4.521835e-001
6.102672466390119e-004	8.204659e-001	1.118409e+000	4.516193e-001
6.395641216390119e-004	1.112219e+000	1.114702e+000	4.507331e-001
6.688609966390120e-004	1.394409e+000	1.111051e+000	4.498053e-001
6.786266216390120e-004	1.482127e+000	1.109845e+000	4.494879e-001
6.883922466390120e-004	1.565251e+000	1.108644e+000	4.491666e-001
6.981578716390120e-004	1.642988e+000	1.107451e+000	4.488418e-001
7.079234966390120e-004	1.714598e+000	1.106292e+000	4.485136e-001
7.176891216390120e-004	1.779399e+000	1.105422e+000	4.481829e-001
7.274547466390120e-004	1.836773e+000	1.106284e+000	4.478540e-001
7.372203716390120e-004	1.886173e+000	1.112722e+000	4.475484e-001
7.469859966390120e-004	1.927128e+000	1.128606e+000	4.473484e-001
7.567516216390120e-004	1.959249e+000	1.152393e+000	4.474958e-001
7.665172466390120e-004	1.982228e+000	1.177280e+000	4.484666e-001
7.762828716390120e-004	1.995848e+000	1.197323e+000	4.507737e-001
7.860484966390121e-004	1.999979e+000	1.210482e+000	4.544884e-001
7.958141216390121e-004	1.994580e+000	1.217281e+000	4.590208e-001
8.055797466390121e-004	1.979704e+000	1.219207e+000	4.635103e-001
8.153453716390121e-004	1.955492e+000	1.217967e+000	4.673650e-001
8.251109966390121e-004	1.922176e+000	1.215106e+000	4.704186e-001
8.348766216390121e-004	1.880071e+000	1.211735e+000	4.727677e-001
8.446422466390121e-004	1.829580e+000	1.208440e+000	4.745809e-001
8.544078716390121e-004	1.771184e+000	1.205405e+000	4.760046e-001
8.641734966390121e-004	1.705439e+000	1.202630e+000	4.771427e-001
8.739391216390121e-004	1.632972e+000	1.200069e+000	4.780648e-001
8.837047466390121e-004	1.554474e+000	1.197677e+000	4.788184e-001
8.934703716390122e-004	1.470691e+000	1.195422e+000	4.794369e-001
9.032359966390122e-004	1.382424e+000	1.193280e+000	4.799445e-001
9.130016216390122e-004	1.290512e+000	1.191231e+000	4.803596e-001
9.227672466390122e-004	1.195832e+000	1.189263e+000	4.806964e-001
9.325328716390122e-004	1.099285e+000	1.187363e+000	4.809661e-001
9.422984966390122e-004	1.001793e+000	1.185524e+000	4.811776e-001
9.520641216390122e-004	9.042835e-001	1.183736e+000	4.813382e-001
9.618297466390122e-004	8.076861e-001	1.181995e+000	4.814540e-001
9.715953716390122e-004	7.129213e-001	1.180295e+000	4.815299e-001
9.813609966390121e-004	6.208921e-001	1.178633e+000	4.815702e-001
9.911266216390121e-004	5.324755e-001	1.177004e+000	4.815786e-001
1.000892246639012e-003	4.485140e-001	1.175406e+000	4.815582e-001
1.010657871639012e-003	3.698078e-001	1.173835e+000	4.815116e-001
1.020423496639012e-003	2.971067e-001	1.172289e+000	4.814412e-001
1.030189121639012e-003	2.311036e-001	1.170767e+000	4.813491e-001
1.039954746639012e-003	1.724275e-001	1.169267e+000	4.812370e-001
1.049720371639012e-003	1.216374e-001	1.167786e+000	4.811066e-001
1.059485996639012e-003	7.921741e-002	1.166324e+000	4.809593e-001
1.069251621639012e-003	4.557170e-002	1.164879e+000	4.807964e-001
1.079017246639012e-003	2.102089e-002	1.163450e+000	4.806189e-001
1.088782871639012e-003	5.798941e-003	1.162036e+000	4.804280e-001
1.098548496639012e-003	5.089677e-005	1.160637e+000	4.802246e-001
1.108314121639012e-003	3.831534e-003	1.159250e+000	4.800096e-001
1.118079746639012e-003	1.710483e-002	1.157876e+000	4.797836e-001
1.127845371639012e-003	3.974429e-002	1.156514e+000	4.795474e-001
1.137610996639012e-003	7.153419e-002	1.155163e+000	4.793016e-001
1.147376621639012e-003	1.121716e-001	1.153822e+000	4.790469e-001
1.157142246639012e-003	1.612693e-001	1.152491e+000	4.787837e-001
1.166907871639012e-003	2.183594e-001	1.151170e+000	4.785126e-001
1.176673496639012e-003	2.828978e-001	1.149858e+000	4.782339e-001
1.186439121639012e-003	3.542697e-001	1.148555e+000	4.779483e-001
1.196204746639012e-003	4.317948e-001	1.147259e+000	4.776560e-001
1.205970371639012e-003	5.147344e-001	1.145972e+000	4.773574e-001
1.215735996639012e-003	6.022982e-001	1.144692e+000	4.770528e-001
1.235267246639012e-003	7.879246e-001	1.142153e+000	4.764271e-001
1.264564121639012e-003	1.079188e+000	1.138394e+000	4.754511e-001
1.293860996639012e-003	1.363702e+000	1.134688e+000	4.744361e-001
1.303626621639012e-003	1.452793e+000	1.133464e+000	4.740900e-001
1.313392246639012e-003	1.537569e+000	1.132244e+000	4.737404e-001
1.323157871639012e-003	1.617223e+000	1.131030e+000	4.733874e-001
1.332923496639012e-003	1.690995e+000	1.129826e+000	4.730312e-001
1.342689121639012e-003	1.758182e+000	1.128683e+000	4.726720e-001
1.352454746639012e-003	1.818145e+000	1.127989e+000	4.723110e-001
1.362220371639013e-003	1.870311e+000	1.129446e+000	4.719537e-001
1.371985996639013e-003	1.914184e+000	1.136606e+000	4.716225e-001
1.381751621639013e-003	1.949345e+000	1.151971e+000	4.713898e-001
1.391517246639013e-003	1.975460e+000	1.172980e+000	4.714305e-001
1.401282871639013e-003	1.992280e+000	1.193583e+000	4.720265e-001
1.411048496639013e-003	1.999644e+000	1.209301e+000	4.734183e-001
1.420814121639013e-003	1.997482e+000	1.218910e+000	4.755734e-001
1.430579746639013e-003	1.985816e+000	1.223162e+000	4.781407e-001
1.440345371639013e-003	1.964755e+000	1.223580e+000	4.806770e-001
1.450110996639013e-003	1.934501e+000	1.221786e+000	4.828933e-001
1.459876621639013e-003	1.895341e+000	1.219061e+000	4.847075e-001
1.469642246639013e-003	1.847650e+000	1.216156e+000	4.861601e-001
1.479407871639013e-003	1.791882e+000	1.213374e+000	4.873245e-001
1.489173496639013e-003	1.728567e+000	1.210779e+000	4.882659e-001
1.498939121639013e-003	1.658310e+000	1.208355e+000	4.890328e-001
1.508704746639013e-003	1.581780e+000	1.206071e+000	4.896601e-001
1.518470371639013e-003	1.499706e+000	1.203902e+000	4.901734e-001
1.528235996639013e-003	1.412870e+000	1.201831e+000	4.905916e-001
1.538001621639013e-003	1.322100e+000	1.199841e+000	4.909297e-001
1.547767246639013e-003	1.228261e+000	1.197921e+000	4.911990e-001
1.557532871639013e-003	1.132246e+000	1.196062e+000	4.914088e-001
1.567298496639013e-003	1.034971e+000	1.194257e+000	4.915668e-001
1.577064121639013e-003	9.373631e-001	1.192499e+000	4.916791e-001
1.586829746639013e-003	8.403519e-001	1.190784e+000	4.917508e-001
1.596595371639013e-003	7.448620e-001	1.189106e+000	4.917864e-001
1.606360996639013e-003	6.518033e-001	1.187462e+000	4.917895e-001
1.616126621639013e-003	5.620627e-001	1.185849e+000	4.917634e-001
1.625892246639013e-003	4.764953e-001	1.184264e+000	4.917107e-001
1.635657871639013e-003	3.959164e-001	1.182705e+000	4.916338e-001
1.645423496639013e-003	3.210939e-001	1.181170e+000	4.915350e-001
1.655189121639013e-003	2.527409e-001	1.179656e+000	4.914159e-001
1.664954746639013e-003	1.915086e-001	1.178163e+000	4.912784e-001
1.674720371639013e-003	1.379805e-001	1.176688e+000	4.911236e-001
1.684485996639013e-003	9.266680e-002	1.175231e+000	4.909531e-001
1.694251621639013e-003	5.599920e-002	1.173789e+000	4.907679e-001
1.704017246639013e-003	2.832715e-002	1.172363e+000	4.905692e-001
1.713782871639013e-003	9.914330e-003	1.170952e+000	4.903578e-001
1.723548496639013e-003	9.362006e-004	1.169553e+000	4.901346e-001
1.733314121639013e-003	1.478316e-003	1.168167e+000	4.899004e-001
1.743079746639013e-003	1.153551e-002	1.166794e+000	4.896558e-001
1.752845371639013e-003	3.101195e-002	1.165431e+000	4.894016e-001
1.762610996639013e-003	5.972203e-002	1.164079e+000	4.891384e-001
1.772376621639013e-003	9.739219e-002	1.162737e+000	4.888667e-001
1.782142246639013e-003	1.436634e-001	1.161404e+000	4.885870e-001
1.791907871639013e-003	1.980949e-001	1.160081e+000	4.882997e-001
1.801673496639013e-003	2.601678e-001	1.158767e+000	4.880053e-001
1.811439121639013e-003	3.292907e-001	1.157460e+000	4.877042e-001
1.821204746639013e-003	4.048049e-001	1.156162e+000	4.873968e-001
1.830970371639013e-003	4.859908e-001	1.154871e+000	4.870833e-001
1.840735996639013e-003	5.720748e-001	1.153588e+000	4.867643e-001
1.860267246639013e-003	7.556169e-001	1.151041e+000	4.861102e-001
1.889564121639013e-003	1.046069e+000	1.147268e+000	4.850935e-001
1.918860996639013e-003	1.332595e+000	1.143547e+000	4.840394e-001
1.928626621639013e-003	1.422961e+000	1.142317e+000	4.836807e-001
1.938392246639013e-003	1.509296e+000	1.141092e+000	4.833186e-001
1.948157871639013e-003	1.590778e+000	1.139872e+000	4.829532e-001
1.957923496639013e-003	1.666630e+000	1.138658e+000	4.825847e-001
1.967689121639013e-003	1.736130e+000	1.137468e+000	4.822134e-001
1.977454746639012e-003	1.798616e+000	1.136450e+000	4.818396e-001
1.987220371639012e-003	1.853491e+000	1.136452e+000	4.814657e-001
1.996985996639012e-003	1.900233e+000	1.140018e+000	4.811020e-001
2.006751621639012e-003	1.938396e+000	1.150493e+000	4.807841e-001
2.016517246639012e-003	1.967618e+000	1.168073e+000	4.806079e-001
2.026282871639011e-003	1.987619e+000	1.188211e+000	4.807577e-001
2.036048496639011e-003	1.998209e+000	1.205493e+000	4.814533e-001
2.045814121639011e-003	1.999286e+000	1.217259e+000	4.827889e-001
2.055579746639011e-003	1.990841e+000	1.223467e+000	4.846116e-001
2.065345371639011e-003	1.972955e+000	1.225330e+000	4.865988e-001
2.075110996639010e-003	1.945796e+000	1.224438e+000	4.884586e-001
2.084876621639010e-003	1.909626e+000	1.222198e+000	4.900472e-001
2.094642246639010e-003	1.864787e+000	1.219534e+000	4.913486e-001
2.104407871639010e-003	1.811708e+000	1.216881e+000	4.924033e-001
2.114173496639009e-003	1.750893e+000	1.214368e+000	4.932600e-001
2.123939121639009e-003	1.682924e+000	1.212004e+000	4.939590e-001
2.133704746639009e-003	1.608446e+000	1.209767e+000	4.945302e-001
2.143470371639009e-003	1.528171e+000	1.207638e+000	4.949962e-001
2.153235996639009e-003	1.442862e+000	1.205598e+000	4.953741e-001
2.163001621639008e-003	1.353334e+000	1.203635e+000	4.956769e-001
2.172767246639008e-003	1.260438e+000	1.201738e+000	4.959152e-001
2.182532871639008e-003	1.165061e+000	1.199899e+000	4.960975e-001
2.192298496639008e-003	1.068111e+000	1.198110e+000	4.962308e-001
2.202064121639008e-003	9.705116e-001	1.196366e+000	4.963206e-001
2.211829746639007e-003	8.731934e-001	1.194663e+000	4.963719e-001
2.221595371639007e-003	7.770836e-001	1.192996e+000	4.963886e-001
2.231360996639007e-003	6.830980e-001	1.191361e+000	4.963744e-001
2.241126621639007e-003	5.921322e-001	1.189756e+000	4.963321e-001
2.250892246639007e-003	5.050529e-001	1.188178e+000	4.962643e-001
2.260657871639006e-003	4.226902e-001	1.186625e+000	4.961733e-001
2.270423496639006e-003	3.458287e-001	1.185094e+000	4.960611e-001
2.280189121639006e-003	2.752010e-001	1.183585e+000	4.959295e-001
2.289954746639006e-003	2.114799e-001	1.182095e+000	4.957800e-001
2.299720371639006e-003	1.552729e-001	1.180623e+000	4.956139e-001
2.309485996639005e-003	1.071153e-001	1.179169e+000	4.954325e-001
2.319251621639005e-003	6.746621e-002	1.177730e+000	4.952369e-001
2.329017246639005e-003	3.670338e-002	1.176305e+000	4.950282e-001
2.338782871639005e-003	1.511997e-002	1.174895e+000	4.948072e-001
2.348548496639004e-003	2.921637e-003	1.173498e+000	4.945748e-001
2.358314121639004e-003	2.246335e-004	1.172113e+000	4.943316e-001
2.368079746639004e-003	7.054656e-003	1.170739e+000	4.940785e-001
2.377845371639004e-003	2.334662e-002	1.169377e+000	4.938159e-001
2.387610996639004e-003	4.894527e-002	1.168025e+000	4.935446e-001
2.397376621639003e-003	8.360669e-002	1.166682e+000	4.932649e-001
2.407142246639003e-003	1.270006e-001	1.165350e+000	4.929775e-001
2.416907871639003e-003	1.787134e-001	1.164026e+000	4.926828e-001
2.426673496639003e-003	2.382524e-001	1.162710e+000	4.923810e-001
2.436439121639003e-003	3.050503e-001	1.161403e+000	4.920728e-001
2.446204746639002e-003	3.784704e-001	1.160104e+000	4.917584e-001
2.455970371639002e-003	4.578132e-001	1.158812e+000	4.914381e-001
2.465735996639002e-003	5.423225e-001	1.157526e+000	4.911123e-001
2.475501621639002e-003	6.311932e-001	1.156248e+000	4.907812e-001
2.495032871639001e-003	8.185974e-001	1.153712e+000	4.901044e-001
2.524329746639001e-003	1.110331e+000	1.149951e+000	4.890561e-001
2.553626621639000e-003	1.392663e+000	1.146239e+000	4.879731e-001
2.563392246639000e-003	1.480462e+000	1.145012e+000	4.876052e-001
2.573157871639000e-003	1.563683e+000	1.143790e+000	4.872342e-001
2.582923496638999e-003	1.641532e+000	1.142572e+000	4.868601e-001
2.592689121638999e-003	1.713268e+000	1.141366e+000	4.864832e-001
2.602454746638999e-003	1.778207e+000	1.140238e+000	4.861037e-001
2.612220371638999e-003	1.835731e+000	1.139627e+000	4.857227e-001
2.621985996638999e-003	1.885291e+000	1.141264e+000	4.853458e-001
2.631751621638998e-003	1.926414e+000	1.148406e+000	4.849937e-001
2.641517246638998e-003	1.958710e+000	1.162961e+000	4.847271e-001
2.651282871638998e-003	1.981870e+000	1.182195e+000	4.846796e-001
2.661048496638998e-003	1.995674e+000	1.200593e+000	4.850459e-001
2.670814121638998e-003	1.999989e+000	1.214301e+000	4.859711e-001
2.680528155122929e-003	1.994829e+000	1.222353e+000	4.874048e-001
2.690293780122928e-003	1.980186e+000	1.225664e+000	4.891227e-001
2.700059405122928e-003	1.956202e+000	1.225686e+000	4.908316e-001
2.709825030122928e-003	1.923107e+000	1.223911e+000	4.923471e-001
2.719590655122928e-003	1.881215e+000	1.221437e+000	4.936124e-001
2.729356280122928e-003	1.830927e+000	1.218847e+000	4.946457e-001
2.739121905122927e-003	1.772720e+000	1.216356e+000	4.954868e-001
2.748887530122927e-003	1.707150e+000	1.214001e+000	4.961732e-001
2.758653155122927e-003	1.634841e+000	1.211772e+000	4.967338e-001
2.768418780122927e-003	1.556482e+000	1.209647e+000	4.971907e-001
2.778184405122927e-003	1.472821e+000	1.207612e+000	4.975604e-001
2.787950030122926e-003	1.384655e+000	1.205652e+000	4.978560e-001
2.797715655122926e-003	1.292822e+000	1.203757e+000	4.980878e-001
2.807481280122926e-003	1.198200e+000	1.201920e+000	4.982642e-001
2.817246905122926e-003	1.101689e+000	1.200132e+000	4.983919e-001
2.827012530122925e-003	1.004209e+000	1.198390e+000	4.984766e-001
2.836778155122925e-003	9.066883e-001	1.196687e+000	4.985231e-001
2.846543780122925e-003	8.100572e-001	1.195020e+000	4.985353e-001
2.856309405122925e-003	7.152361e-001	1.193385e+000	4.985168e-001
2.866075030122925e-003	6.231285e-001	1.191780e+000	4.984704e-001
2.875840655122924e-003	5.346122e-001	1.190202e+000	4.983988e-001
2.885606280122924e-003	4.505307e-001	1.188649e+000	4.983041e-001
2.895371905122924e-003	3.716852e-001	1.187118e+000	4.981883e-001
2.905137530122924e-003	2.988270e-001	1.185608e+000	4.980532e-001
2.914903155122924e-003	2.326503e-001	1.184118e+000	4.979003e-001
2.924668780122923e-003	1.737859e-001	1.182645e+000	4.977310e-001
2.934434405122923e-003	1.227946e-001	1.181189e+000	4.975464e-001
2.944200030122923e-003	8.016236e-002	1.179749e+000	4.973478e-001
2.953965655122923e-003	4.629539e-002	1.178324e+000	4.971360e-001
2.963731280122923e-003	2.151643e-002	1.176913e+000	4.969121e-001
2.973496905122922e-003	6.061607e-003	1.175514e+000	4.966767e-001
2.983262530122922e-003	7.818534e-005	1.174128e+000	4.964308e-001
2.993028155122922e-003	3.623185e-003	1.172753e+000	4.961748e-001
3.002793780122922e-003	1.666283e-002	1.171390e+000	4.959096e-001
3.012559405122922e-003	3.907285e-002	1.170036e+000	4.956355e-001
3.022325030122921e-003	7.063971e-002	1.168693e+000	4.953532e-001
3.032090655122921e-003	1.110626e-001	1.167359e+000	4.950632e-001
3.041856280122921e-003	1.599563e-001	1.166033e+000	4.947658e-001
3.051621905122921e-003	2.168550e-001	1.164716e+000	4.944616e-001
3.061387530122920e-003	2.812163e-001	1.163408e+000	4.941508e-001
3.071153155122920e-003	3.524271e-001	1.162107e+000	4.938339e-001
3.080918780122920e-003	4.298087e-001	1.160813e+000	4.935111e-001
3.090684405122920e-003	5.126237e-001	1.159527e+000	4.931829e-001
3.100450030122920e-003	6.000831e-001	1.158247e+000	4.928494e-001
3.119981280122919e-003	7.855646e-001	1.155707e+000	4.921678e-001
3.149278155122919e-003	1.076779e+000	1.151941e+000	4.911125e-001
3.178575030122918e-003	1.361451e+000	1.148225e+000	4.900226e-001
3.188340655122918e-003	1.450638e+000	1.146996e+000	4.896524e-001
3.198106280122918e-003	1.535531e+000	1.145772e+000	4.892791e-001
3.207871905122917e-003	1.615321e+000	1.144552e+000	4.889028e-001
3.217637530122917e-003	1.689247e+000	1.143340e+000	4.885236e-001
3.227403155122917e-003	1.756605e+000	1.142164e+000	4.881418e-001
3.237168780122917e-003	1.816753e+000	1.141251e+000	4.877579e-001
3.246934405122917e-003	1.869119e+000	1.141709e+000	4.873751e-001
3.256700030122916e-003	1.913202e+000	1.146328e+000	4.870058e-001
3.266465655122916e-003	1.948583e+000	1.157987e+000	4.866906e-001
3.276231280122916e-003	1.974926e+000	1.175816e+000	4.865279e-001
3.285996905122916e-003	1.991977e+000	1.194875e+000	4.866872e-001
3.295762530122915e-003	1.999577e+000	1.210370e+000	4.873404e-001
3.305528155122915e-003	1.997651e+000	1.220375e+000	4.885232e-001
3.315293780122915e-003	1.986218e+000	1.225223e+000	4.900689e-001
3.325059405122915e-003	1.965388e+000	1.226249e+000	4.917050e-001
3.334825030122915e-003	1.935358e+000	1.224998e+000	4.932131e-001
3.344590655122914e-003	1.896415e+000	1.222727e+000	4.944974e-001
3.354356280122914e-003	1.848929e+000	1.220185e+000	4.955541e-001
3.364121905122914e-003	1.793355e+000	1.217688e+000	4.964159e-001
3.373887530122914e-003	1.730220e+000	1.215318e+000	4.971190e-001
3.383653155122914e-003	1.660127e+000	1.213073e+000	4.976933e-001
3.393418780122913e-003	1.583743e+000	1.210935e+000	4.981613e-001
3.403184405122913e-003	1.501797e+000	1.208888e+000	4.985403e-001
3.412950030122913e-003	1.415069e+000	1.206918e+000	4.988437e-001
3.422715655122913e-003	1.324386e+000	1.205015e+000	4.990821e-001
3.432481280122913e-003	1.230612e+000	1.203170e+000	4.992642e-001
3.442246905122912e-003	1.134640e+000	1.201375e+000	4.993967e-001
3.452012530122912e-003	1.037385e+000	1.199626e+000	4.994856e-001
3.461778155122912e-003	9.397741e-001	1.197918e+000	4.995357e-001
3.471543780122912e-003	8.427370e-001	1.196245e+000	4.995511e-001
3.481309405122912e-003	7.471983e-001	1.194606e+000	4.995353e-001
3.491075030122911e-003	6.540688e-001	1.192996e+000	4.994914e-001
3.500840655122911e-003	5.642356e-001	1.191414e+000	4.994218e-001
3.510606280122911e-003	4.785549e-001	1.189856e+000	4.993289e-001
3.520371905122911e-003	3.978432e-001	1.188322e+000	4.992147e-001
3.530137530122910e-003	3.228695e-001	1.186808e+000	4.990810e-001
3.539903155122910e-003	2.543483e-001	1.185314e+000	4.989293e-001
3.549668780122910e-003	1.929325e-001	1.183839e+000	4.987610e-001
3.559434405122910e-003	1.392074e-001	1.182380e+000	4.985773e-001
3.569200030122910e-003	9.368499e-002	1.180937e+000	4.983794e-001
3.578965655122909e-003	5.679896e-002	1.179509e+000	4.981683e-001
3.588731280122909e-003	2.890086e-002	1.178095e+000	4.979449e-001
3.598496905122909e-003	1.025652e-002	1.176694e+000	4.977100e-001
3.608262530122909e-003	1.043616e-003	1.175305e+000	4.974644e-001
3.618028155122909e-003	1.349931e-003	1.173928e+000	4.972087e-001
3.627793780122908e-003	1.117255e-002	1.172562e+000	4.969436e-001
3.637559405122908e-003	3.041787e-002	1.171206e+000	4.966696e-001
3.647325030122908e-003	5.890249e-002	1.169861e+000	4.963874e-001
3.657090655122908e-003	9.635500e-002	1.168524e+000	4.960973e-001
3.666856280122908e-003	1.424185e-001	1.167197e+000	4.957999e-001
3.676621905122907e-003	1.966540e-001	1.165878e+000	4.954955e-001
3.686387530122907e-003	2.585447e-001	1.164567e+000	4.951846e-001
3.696153155122907e-003	3.275009e-001	1.163265e+000	4.948675e-001
3.705918780122907e-003	4.028655e-001	1.161969e+000	4.945445e-001
3.715684405122907e-003	4.839202e-001	1.160681e+000	4.942159e-001
3.725450030122906e-003	5.698928e-001	1.159399e+000	4.938821e-001
3.744981280122906e-003	7.532753e-001	1.156855e+000	4.931998e-001
3.774278155122905e-003	1.043656e+000	1.153085e+000	4.921432e-001
3.803575030122905e-003	1.330316e+000	1.149364e+000	4.910517e-001
3.813340655122904e-003	1.420771e+000	1.148133e+000	4.906811e-001
3.823106280122904e-003	1.507216e+000	1.146907e+000	4.903072e-001
3.832871905122904e-003	1.588827e+000	1.145686e+000	4.899303e-001
3.842637530122904e-003	1.664828e+000	1.144471e+000	4.895505e-001
3.852403155122904e-003	1.734493e+000	1.143274e+000	4.891680e-001
3.862168780122903e-003	1.797160e+000	1.142210e+000	4.887832e-001
3.871934405122903e-003	1.852229e+000	1.141952e+000	4.883977e-001
3.881700030122903e-003	1.899179e+000	1.144680e+000	4.880194e-001
3.891465655122903e-003	1.937559e+000	1.153628e+000	4.876754e-001
3.901231280122903e-003	1.967005e+000	1.169589e+000	4.874384e-001
3.910996905122903e-003	1.987237e+000	1.188740e+000	4.874516e-001
3.920762530122903e-003	1.998061e+000	1.205763e+000	4.878952e-001
3.930528155122902e-003	1.999374e+000	1.217677e+000	4.888651e-001
3.940293780122902e-003	1.991165e+000	1.224179e+000	4.902661e-001
3.950059405122902e-003	1.973510e+000	1.226357e+000	4.918520e-001
3.959825030122902e-003	1.946578e+000	1.225747e+000	4.933779e-001
3.969590655122902e-003	1.910627e+000	1.223739e+000	4.947082e-001
3.979356280122901e-003	1.865997e+000	1.221259e+000	4.958131e-001
3.989121905122901e-003	1.813116e+000	1.218750e+000	4.967163e-001
3.998887530122901e-003	1.752486e+000	1.216350e+000	4.974533e-001
4.008653155122901e-003	1.684686e+000	1.214077e+000	4.980551e-001
4.018418780122901e-003	1.610361e+000	1.211915e+000	4.985459e-001
4.028184405122900e-003	1.530220e+000	1.209848e+000	4.989440e-001
4.037950030122900e-003	1.445027e+000	1.207860e+000	4.992636e-001
4.047715655122900e-003	1.355592e+000	1.205942e+000	4.995160e-001
4.057481280122900e-003	1.262770e+000	1.204083e+000	4.997101e-001
4.067246905122899e-003	1.167443e+000	1.202277e+000	4.998533e-001
4.077012530122899e-003	1.070521e+000	1.200517e+000	4.999515e-001
4.086778155122899e-003	9.729263e-001	1.198799e+000	5.000099e-001
4.096543780122899e-003	8.755899e-001	1.197118e+000	5.000327e-001
4.106309405122899e-003	7.794390e-001	1.195470e+000	5.000235e-001
4.116075030122898e-003	6.853899e-001	1.193853e+000	4.999854e-001
4.125840655122898e-003	5.943388e-001	1.192264e+000	4.999212e-001
4.135606280122898e-003	5.071533e-001	1.190701e+000	4.998331e-001
4.145371905122898e-003	4.246643e-001	1.189160e+000	4.997233e-001
4.155137530122898e-003	3.476577e-001	1.187642e+000	4.995936e-001
4.164903155122897e-003	2.768673e-001	1.186143e+000	4.994455e-001
4.174668780122897e-003	2.129679e-001	1.184663e+000	4.992805e-001
4.184434405122897e-003	1.565681e-001	1.183200e+000	4.990999e-001
4.194200030122897e-003	1.082056e-001	1.181753e+000	4.989048e-001
4.203965655122897e-003	6.834116e-002	1.180321e+000	4.986962e-001
4.213731280122896e-003	3.735463e-002	1.178903e+000	4.984751e-001
4.223496905122896e-003	1.554131e-002	1.177498e+000	4.982424e-001
4.233262530122896e-003	3.109062e-003	1.176106e+000	4.979987e-001
4.243028155122896e-003	1.763527e-004	1.174726e+000	4.977449e-001
4.252793780122896e-003	6.771130e-003	1.173357e+000	4.974815e-001
4.262559405122895e-003	2.283055e-002	1.171999e+000	4.972091e-001
4.272325030122895e-003	4.820158e-002	1.170650e+000	4.969283e-001
4.282090655122895e-003	8.264246e-002	1.169311e+000	4.966396e-001
4.291856280122895e-003	1.258250e-001	1.167981e+000	4.963434e-001
4.301621905122894e-003	1.773377e-001	1.166660e+000	4.960402e-001
4.311387530122894e-003	2.366896e-001	1.165347e+000	4.957303e-001
4.321153155122894e-003	3.033153e-001	1.164042e+000	4.954141e-001
4.330918780122894e-003	3.765799e-001	1.162744e+000	4.950920e-001
4.340684405122894e-003	4.557850e-001	1.161453e+000	4.947643e-001
4.350450030122893e-003	5.401762e-001	1.160170e+000	4.944312e-001
4.360215655122893e-003	6.289490e-001	1.158893e+000	4.940931e-001
4.379746905122893e-003	8.162224e-001	1.156358e+000	4.934028e-001
4.409043780122892e-003	1.107930e+000	1.152599e+000	4.923354e-001
4.438340655122892e-003	1.390440e+000	1.148888e+000	4.912345e-001
4.448106280122891e-003	1.478342e+000	1.147661e+000	4.908609e-001
4.457871905122891e-003	1.561686e+000	1.146438e+000	4.904843e-001
4.467637530122891e-003	1.639677e+000	1.145220e+000	4.901047e-001
4.477403155122891e-003	1.711573e+000	1.144013e+000	4.897224e-001
4.487168780122891e-003	1.776688e+000	1.142872e+000	4.893376e-001
4.496934405122890e-003	1.834402e+000	1.142184e+000	4.889512e-001
4.506700030122890e-003	1.884165e+000	1.143513e+000	4.885680e-001
4.516465655122890e-003	1.925502e+000	1.149980e+000	4.882059e-001
4.526231280122890e-003	1.958020e+000	1.163684e+000	4.879178e-001
4.535996905122889e-003	1.981409e+000	1.182311e+000	4.878207e-001
4.545762530122889e-003	1.995446e+000	1.200518e+000	4.880896e-001
4.555528155122889e-003	1.999998e+000	1.214332e+000	4.888615e-001
4.565090413731025e-003	1.995220e+000	1.222479e+000	4.900875e-001
4.574856038731025e-003	1.980957e+000	1.226030e+000	4.916170e-001
4.584621663731025e-003	1.957346e+000	1.226261e+000	4.931654e-001
4.594387288731025e-003	1.924612e+000	1.224637e+000	4.945567e-001
4.604152913731024e-003	1.883068e+000	1.222266e+000	4.957281e-001
4.613918538731024e-003	1.833109e+000	1.219749e+000	4.966894e-001
4.623684163731024e-003	1.775210e+000	1.217313e+000	4.974739e-001
4.633449788731024e-003	1.709925e+000	1.215002e+000	4.981144e-001
4.643215413731023e-003	1.637875e+000	1.212807e+000	4.986372e-001
4.652981038731023e-003	1.559746e+000	1.210712e+000	4.990621e-001
4.662746663731023e-003	1.476284e+000	1.208700e+000	4.994045e-001
4.672512288731023e-003	1.388282e+000	1.206761e+000	4.996765e-001
4.682277913731023e-003	1.296581e+000	1.204885e+000	4.998876e-001
4.692043538731022e-003	1.202054e+000	1.203063e+000	5.000456e-001
4.701809163731022e-003	1.105601e+000	1.201289e+000	5.001569e-001
4.711574788731022e-003	1.008142e+000	1.199558e+000	5.002270e-001
4.721340413731022e-003	9.106051e-001	1.197866e+000	5.002601e-001
4.731106038731022e-003	8.139204e-001	1.196208e+000	5.002602e-001
4.740871663731021e-003	7.190087e-001	1.194582e+000	5.002306e-001
4.750637288731021e-003	6.267747e-001	1.192984e+000	5.001739e-001
4.760402913731021e-003	5.380973e-001	1.191413e+000	5.000928e-001
4.770168538731021e-003	4.538213e-001	1.189865e+000	4.999893e-001
4.779934163731021e-003	3.747500e-001	1.188340e+000	4.998654e-001
4.789699788731020e-003	3.016368e-001	1.186835e+000	4.997226e-001
4.799465413731020e-003	2.351784e-001	1.185349e+000	4.995624e-001
4.809231038731020e-003	1.760082e-001	1.183880e+000	4.993863e-001
4.818996663731020e-003	1.246898e-001	1.182428e+000	4.991953e-001
4.828762288731020e-003	8.171251e-002	1.180991e+000	4.989906e-001
4.838527913731019e-003	4.748569e-002	1.179569e+000	4.987731e-001
4.848293538731019e-003	2.233554e-002	1.178160e+000	4.985437e-001
4.858059163731019e-003	6.501719e-003	1.176764e+000	4.983031e-001
4.867824788731019e-003	1.351049e-004	1.175380e+000	4.980521e-001
4.877590413731018e-003	3.296370e-003	1.174007e+000	4.977914e-001
4.887356038731018e-003	1.595539e-002	1.172646e+000	4.975215e-001
4.897121663731018e-003	3.799153e-002	1.171294e+000	4.972430e-001
4.906887288731018e-003	6.919482e-002	1.169952e+000	4.969565e-001
4.916652913731018e-003	1.092679e-001	1.168619e+000	4.966624e-001
4.926418538731017e-003	1.578289e-001	1.167295e+000	4.963610e-001
4.936184163731017e-003	2.144151e-001	1.165979e+000	4.960530e-001
4.945949788731017e-003	2.784873e-001	1.164671e+000	4.957385e-001
4.955715413731017e-003	3.494349e-001	1.163371e+000	4.954180e-001
4.965481038731017e-003	4.265818e-001	1.162078e+000	4.950917e-001
4.975246663731016e-003	5.091929e-001	1.160792e+000	4.947601e-001
4.985012288731016e-003	5.964810e-001	1.159513e+000	4.944233e-001
5.004543538731016e-003	7.817245e-001	1.156974e+000	4.937354e-001
5.033840413731015e-003	1.072857e+000	1.153209e+000	4.926711e-001
5.063137288731015e-003	1.357781e+000	1.149492e+000	4.915728e-001
5.072902913731014e-003	1.447123e+000	1.148263e+000	4.911999e-001
5.082668538731014e-003	1.532205e+000	1.147039e+000	4.908240e-001
5.092434163731014e-003	1.612215e+000	1.145819e+000	4.904451e-001
5.102199788731014e-003	1.686391e+000	1.144607e+000	4.900634e-001
5.111965413731013e-003	1.754027e+000	1.143426e+000	4.896791e-001
5.121731038731013e-003	1.814477e+000	1.142478e+000	4.892927e-001
5.131496663731013e-003	1.867166e+000	1.142776e+000	4.889069e-001
5.141262288731013e-003	1.911592e+000	1.146979e+000	4.885331e-001
5.151027913731013e-003	1.947331e+000	1.158038e+000	4.882079e-001
5.160793538731012e-003	1.974043e+000	1.175402e+000	4.880219e-001
5.170559163731012e-003	1.991473e+000	1.194342e+000	4.881338e-001
5.180324788731012e-003	1.999454e+000	1.209980e+000	4.887107e-001
5.190090413731012e-003	1.997913e+000	1.220221e+000	4.897982e-001
5.199856038731012e-003	1.986861e+000	1.225294e+000	4.912488e-001
5.209621663731011e-003	1.966406e+000	1.226492e+000	4.928054e-001
5.219387288731011e-003	1.936742e+000	1.225355e+000	4.942536e-001
5.229152913731011e-003	1.898151e+000	1.223152e+000	4.954941e-001
5.238918538731011e-003	1.851002e+000	1.220650e+000	4.965181e-001
5.248684163731011e-003	1.795743e+000	1.218180e+000	4.973544e-001
5.258449788731010e-003	1.732902e+000	1.215829e+000	4.980371e-001
5.268215413731010e-003	1.663076e+000	1.213600e+000	4.985946e-001
5.277981038731010e-003	1.586932e+000	1.211475e+000	4.990484e-001
5.287746663731010e-003	1.505195e+000	1.209438e+000	4.994153e-001
5.297512288731010e-003	1.418645e+000	1.207477e+000	4.997083e-001
5.307277913731009e-003	1.328104e+000	1.205581e+000	4.999376e-001
5.317043538731009e-003	1.234437e+000	1.203743e+000	5.001115e-001
5.326809163731009e-003	1.138536e+000	1.201954e+000	5.002369e-001
5.336574788731009e-003	1.041315e+000	1.200210e+000	5.003193e-001
5.346340413731008e-003	9.437007e-001	1.198506e+000	5.003635e-001
5.356106038731008e-003	8.466225e-001	1.196838e+000	5.003736e-001
5.365871663731008e-003	7.510059e-001	1.195202e+000	5.003529e-001
5.375637288731008e-003	6.577619e-001	1.193596e+000	5.003044e-001
5.385402913731008e-003	5.677792e-001	1.192016e+000	5.002307e-001
5.395168538731007e-003	4.819152e-001	1.190461e+000	5.001339e-001
5.404934163731007e-003	4.009881e-001	1.188929e+000	5.000161e-001
5.414699788731007e-003	3.257691e-001	1.187417e+000	4.998790e-001
5.424465413731007e-003	2.569750e-001	1.185925e+000	4.997241e-001
5.434231038731007e-003	1.952612e-001	1.184451e+000	4.995528e-001
5.443996663731006e-003	1.412160e-001	1.182994e+000	4.993663e-001
5.453762288731006e-003	9.535423e-002	1.181552e+000	4.991657e-001
5.463527913731006e-003	5.811300e-002	1.180125e+000	4.989520e-001
5.473293538731006e-003	2.984717e-002	1.178712e+000	4.987261e-001
5.483059163731006e-003	1.082608e-002	1.177312e+000	4.984889e-001
5.492824788731005e-003	1.230996e-003	1.175924e+000	4.982410e-001
5.502590413731005e-003	1.153348e-003	1.174548e+000	4.979832e-001
5.512356038731005e-003	1.059388e-002	1.173183e+000	4.977161e-001
5.522121663731005e-003	2.946262e-002	1.171828e+000	4.974401e-001
5.531887288731005e-003	5.757978e-002	1.170483e+000	4.971560e-001
5.541652913731004e-003	9.467741e-002	1.169147e+000	4.968641e-001
5.551418538731004e-003	1.404020e-001	1.167820e+000	4.965649e-001
5.561184163731004e-003	1.943179e-001	1.166501e+000	4.962588e-001
5.570949788731004e-003	2.559112e-001	1.165191e+000	4.959462e-001
5.580715413731003e-003	3.245951e-001	1.163888e+000	4.956274e-001
5.590481038731003e-003	3.997150e-001	1.162593e+000	4.953029e-001
5.600246663731003e-003	4.805552e-001	1.161305e+000	4.949728e-001
5.610012288731003e-003	5.663452e-001	1.160023e+000	4.946375e-001
5.629543538731002e-003	7.494655e-001	1.157480e+000	4.939523e-001
5.658840413731002e-003	1.039726e+000	1.153710e+000	4.928916e-001
5.688137288731001e-003	1.326601e+000	1.149988e+000	4.917963e-001
5.697902913731001e-003	1.417199e+000	1.148757e+000	4.914244e-001
5.707668538731001e-003	1.503822e+000	1.147531e+000	4.910493e-001
5.717434163731001e-003	1.585644e+000	1.146310e+000	4.906712e-001
5.727199788731000e-003	1.661885e+000	1.145094e+000	4.902903e-001
5.736965413731000e-003	1.731818e+000	1.143896e+000	4.899066e-001
5.746731038731000e-003	1.794779e+000	1.142817e+000	4.895206e-001
5.756496663731000e-003	1.850165e+000	1.142479e+000	4.891339e-001
5.766262288731000e-003	1.897450e+000	1.144961e+000	4.887535e-001
5.776027913730999e-003	1.936184e+000	1.153487e+000	4.884047e-001
5.785793538730999e-003	1.965996e+000	1.169064e+000	4.881560e-001
5.795559163730999e-003	1.986603e+000	1.188090e+000	4.881443e-001
5.805324788730999e-003	1.997808e+000	1.205233e+000	4.885462e-001
5.815090413730998e-003	1.999506e+000	1.217369e+000	4.894627e-001
5.824856038730998e-003	1.991679e+000	1.224089e+000	4.908111e-001
5.834621663730998e-003	1.974402e+000	1.226434e+000	4.923552e-001
5.844387288730998e-003	1.947839e+000	1.225930e+000	4.938528e-001
5.854152913730998e-003	1.912245e+000	1.223980e+000	4.951645e-001
5.863918538730997e-003	1.867958e+000	1.221527e+000	4.962569e-001
5.873684163730997e-003	1.815399e+000	1.219030e+000	4.971507e-001
5.883449788730997e-003	1.755071e+000	1.216638e+000	4.978803e-001
5.893215413730997e-003	1.687548e+000	1.214371e+000	4.984761e-001
5.902981038730997e-003	1.613472e+000	1.212213e+000	4.989619e-001
5.912746663730996e-003	1.533551e+000	1.210149e+000	4.993557e-001
5.922512288730996e-003	1.448546e+000	1.208165e+000	4.996716e-001
5.932277913730996e-003	1.359266e+000	1.206249e+000	4.999207e-001
5.942043538730996e-003	1.266563e+000	1.204392e+000	5.001119e-001
5.951809163730996e-003	1.171319e+000	1.202588e+000	5.002525e-001
5.961574788730995e-003	1.074444e+000	1.200830e+000	5.003484e-001
5.971340413730995e-003	9.768583e-001	1.199113e+000	5.004047e-001
5.981106038730995e-003	8.794936e-001	1.197433e+000	5.004255e-001
5.990871663730995e-003	7.832772e-001	1.195787e+000	5.004145e-001
6.000637288730995e-003	6.891260e-001	1.194171e+000	5.003747e-001
6.010402913730994e-003	5.979372e-001	1.192583e+000	5.003090e-001
6.020168538730994e-003	5.105796e-001	1.191020e+000	5.002195e-001
6.029934163730994e-003	4.278859e-001	1.189480e+000	5.001084e-001
6.039699788730994e-003	3.506439e-001	1.187962e+000	4.999773e-001
6.049465413730993e-003	2.795897e-001	1.186464e+000	4.998280e-001
6.059231038730993e-003	2.154005e-001	1.184984e+000	4.996619e-001
6.068996663730993e-003	1.586878e-001	1.183521e+000	4.994802e-001
6.078762288730993e-003	1.099921e-001	1.182075e+000	4.992841e-001
6.088527913730993e-003	6.977747e-002	1.180643e+000	4.990745e-001
6.098293538730992e-003	3.842708e-002	1.179225e+000	4.988526e-001
6.108059163730992e-003	1.623968e-002	1.177821e+000	4.986189e-001
6.117824788730992e-003	3.426695e-003	1.176429e+000	4.983744e-001
6.127590413730992e-003	1.102205e-004	1.175049e+000	4.981197e-001
6.137356038730992e-003	6.321862e-003	1.173680e+000	4.978555e-001
6.147121663730991e-003	2.200243e-002	1.172322e+000	4.975823e-001
6.156887288730991e-003	4.700250e-002	1.170974e+000	4.973008e-001
6.166652913730991e-003	8.108383e-002	1.169635e+000	4.970113e-001
6.176418538730991e-003	1.239217e-001	1.168305e+000	4.967144e-001
6.186184163730991e-003	1.751078e-001	1.166983e+000	4.964105e-001
6.195949788730990e-003	2.341545e-001	1.165670e+000	4.960999e-001
6.205715413730990e-003	3.004991e-001	1.164365e+000	4.957831e-001
6.215481038730990e-003	3.735093e-001	1.163067e+000	4.954604e-001
6.225246663730990e-003	4.524894e-001	1.161777e+000	4.951320e-001
6.235012288730990e-003	5.366868e-001	1.160493e+000	4.947984e-001
6.244777913730989e-003	6.252993e-001	1.159216e+000	4.944597e-001
6.264309163730989e-003	8.123575e-001	1.156681e+000	4.937682e-001
6.293606038730988e-003	1.104019e+000	1.152922e+000	4.926991e-001
6.322902913730988e-003	1.386816e+000	1.149210e+000	4.915966e-001
6.332668538730987e-003	1.474884e+000	1.147983e+000	4.912225e-001
6.342434163730987e-003	1.558427e+000	1.146760e+000	4.908454e-001
6.352199788730987e-003	1.636649e+000	1.145542e+000	4.904653e-001
6.361965413730987e-003	1.708804e+000	1.144334e+000	4.900825e-001
6.371731038730987e-003	1.774204e+000	1.143187e+000	4.896971e-001
6.381496663730986e-003	1.832228e+000	1.142456e+000	4.893101e-001
6.391262288730986e-003	1.882320e+000	1.143631e+000	4.889260e-001
6.401027913730986e-003	1.924005e+000	1.149779e+000	4.885615e-001
6.410793538730986e-003	1.956885e+000	1.163133e+000	4.882668e-001
6.420559163730986e-003	1.980647e+000	1.181600e+000	4.881547e-001
6.430324788730985e-003	1.995064e+000	1.199890e+000	4.883971e-001
6.440090413730985e-003	1.999998e+000	1.213917e+000	4.891337e-001
6.449624849633793e-003	1.995623e+000	1.222263e+000	4.903221e-001
6.459390474633793e-003	1.981766e+000	1.226000e+000	4.918263e-001
6.469156099633793e-003	1.958555e+000	1.226354e+000	4.933610e-001
6.478921724633793e-003	1.926208e+000	1.224794e+000	4.947468e-001
6.488687349633792e-003	1.885036e+000	1.222449e+000	4.959167e-001
6.498452974633792e-003	1.835431e+000	1.219940e+000	4.968776e-001
6.508218599633792e-003	1.777864e+000	1.217505e+000	4.976621e-001
6.517984224633792e-003	1.712885e+000	1.215194e+000	4.983027e-001
6.527749849633792e-003	1.641113e+000	1.212999e+000	4.988254e-001
6.537515474633791e-003	1.563231e+000	1.210904e+000	4.992503e-001
6.547281099633791e-003	1.479982e+000	1.208892e+000	4.995927e-001
6.557046724633791e-003	1.392160e+000	1.206953e+000	4.998645e-001
6.566812349633791e-003	1.300601e+000	1.205076e+000	5.000755e-001
6.576577974633791e-003	1.206177e+000	1.203253e+000	5.002334e-001
6.586343599633790e-003	1.109788e+000	1.201479e+000	5.003446e-001
6.596109224633790e-003	1.012353e+000	1.199748e+000	5.004146e-001
6.605874849633790e-003	9.148006e-001	1.198056e+000	5.004476e-001
6.615640474633790e-003	8.180600e-001	1.196398e+000	5.004475e-001
6.625406099633789e-003	7.230531e-001	1.194771e+000	5.004177e-001
6.635171724633789e-003	6.306853e-001	1.193174e+000	5.003610e-001
6.644937349633789e-003	5.418367e-001	1.191602e+000	5.002797e-001
6.654702974633789e-003	4.573540e-001	1.190054e+000	5.001761e-001
6.664468599633789e-003	3.780423e-001	1.188528e+000	5.000519e-001
6.674234224633788e-003	3.046574e-001	1.187023e+000	4.999090e-001
6.683999849633788e-003	2.378985e-001	1.185537e+000	4.997487e-001
6.693765474633788e-003	1.784017e-001	1.184068e+000	4.995724e-001
6.703531099633788e-003	1.267342e-001	1.182616e+000	4.993813e-001
6.713296724633788e-003	8.338808e-002	1.181179e+000	4.991764e-001
6.723062349633787e-003	4.877653e-002	1.179756e+000	4.989587e-001
6.732827974633787e-003	2.322936e-002	1.178347e+000	4.987291e-001
6.742593599633787e-003	6.990003e-003	1.176951e+000	4.984884e-001
6.752359224633787e-003	2.131997e-004	1.175567e+000	4.982373e-001
6.762124849633787e-003	2.963531e-003	1.174194e+000	4.979764e-001
6.771890474633786e-003	1.521479e-002	1.172832e+000	4.977063e-001
6.781656099633786e-003	3.685023e-002	1.171480e+000	4.974277e-001
6.791421724633786e-003	6.766368e-002	1.170138e+000	4.971410e-001
6.801187349633786e-003	1.073615e-001	1.168805e+000	4.968467e-001
6.810952974633786e-003	1.555655e-001	1.167480e+000	4.965452e-001
6.820718599633785e-003	2.118162e-001	1.166164e+000	4.962369e-001
6.830484224633785e-003	2.755776e-001	1.164856e+000	4.959223e-001
6.840249849633785e-003	3.462422e-001	1.163556e+000	4.956016e-001
6.850015474633785e-003	4.231365e-001	1.162263e+000	4.952752e-001
6.859781099633784e-003	5.055279e-001	1.160977e+000	4.949434e-001
6.869546724633784e-003	5.926312e-001	1.159697e+000	4.946064e-001
6.889077974633784e-003	7.776164e-001	1.157158e+000	4.939182e-001
6.918374849633783e-003	1.068656e+000	1.153392e+000	4.928533e-001
6.947671724633783e-003	1.353845e+000	1.149675e+000	4.917545e-001
6.957437349633782e-003	1.443352e+000	1.148446e+000	4.913815e-001
6.967202974633782e-003	1.528635e+000	1.147222e+000	4.910054e-001
6.976968599633782e-003	1.608880e+000	1.146002e+000	4.906263e-001
6.986734224633782e-003	1.683323e+000	1.144789e+000	4.902444e-001
6.996499849633782e-003	1.751254e+000	1.143605e+000	4.898599e-001
7.006265474633781e-003	1.812027e+000	1.142635e+000	4.894733e-001
7.016031099633781e-003	1.865061e+000	1.142830e+000	4.890871e-001
7.025796724633781e-003	1.909853e+000	1.146775e+000	4.887120e-001
7.035562349633781e-003	1.945974e+000	1.157481e+000	4.883826e-001
7.045327974633781e-003	1.973081e+000	1.174620e+000	4.881863e-001
7.055093599633780e-003	1.990915e+000	1.193588e+000	4.882784e-001
7.064859224633780e-003	1.999307e+000	1.209427e+000	4.888273e-001
7.074624849633780e-003	1.998176e+000	1.219907e+000	4.898866e-001
7.084390474633780e-003	1.987533e+000	1.225185e+000	4.913175e-001
7.094156099633779e-003	1.967480e+000	1.226524e+000	4.928660e-001
7.103921724633779e-003	1.938208e+000	1.225464e+000	4.943145e-001
7.113687349633779e-003	1.899995e+000	1.223291e+000	4.955588e-001
7.123452974633779e-003	1.853206e+000	1.220797e+000	4.965871e-001
7.133218599633779e-003	1.798287e+000	1.218326e+000	4.974272e-001
7.142984224633778e-003	1.735760e+000	1.215973e+000	4.981131e-001
7.152749849633778e-003	1.666223e+000	1.213740e+000	4.986731e-001
7.162515474633778e-003	1.590337e+000	1.211613e+000	4.991290e-001
7.172281099633778e-003	1.508826e+000	1.209574e+000	4.994977e-001
7.182046724633778e-003	1.422466e+000	1.207612e+000	4.997922e-001
7.191812349633777e-003	1.332080e+000	1.205715e+000	5.000228e-001
7.201577974633777e-003	1.238529e+000	1.203875e+000	5.001978e-001
7.211343599633777e-003	1.142706e+000	1.202085e+000	5.003241e-001
7.221109224633777e-003	1.045523e+000	1.200340e+000	5.004074e-001
7.230874849633777e-003	9.479061e-001	1.198635e+000	5.004524e-001
7.240640474633776e-003	8.507856e-001	1.196966e+000	5.004631e-001
7.250406099633776e-003	7.550870e-001	1.195329e+000	5.004430e-001
7.260171724633776e-003	6.617222e-001	1.193722e+000	5.003951e-001
7.269937349633776e-003	5.715809e-001	1.192142e+000	5.003218e-001
7.279702974633776e-003	4.855221e-001	1.190586e+000	5.002254e-001
7.289468599633775e-003	4.043658e-001	1.189053e+000	5.001080e-001
7.299234224633775e-003	3.288854e-001	1.187541e+000	4.999713e-001
7.308999849633775e-003	2.598002e-001	1.186048e+000	4.998167e-001
7.318765474633775e-003	1.977685e-001	1.184574e+000	4.996456e-001
7.328531099633774e-003	1.433813e-001	1.183116e+000	4.994594e-001
7.338296724633774e-003	9.715707e-002	1.181674e+000	4.992590e-001
7.348062349633774e-003	5.953614e-002	1.180247e+000	4.990456e-001
7.357827974633774e-003	3.087705e-002	1.178833e+000	4.988199e-001
7.367593599633774e-003	1.145289e-002	1.177433e+000	4.985828e-001
7.377359224633773e-003	1.448760e-003	1.176045e+000	4.983351e-001
7.387124849633773e-003	9.599924e-004	1.174668e+000	4.980774e-001
7.396890474633773e-003	9.991243e-003	1.173302e+000	4.978104e-001
7.406656099633773e-003	2.845645e-002	1.171947e+000	4.975345e-001
7.416421724633773e-003	5.617966e-002	1.170601e+000	4.972505e-001
7.426187349633772e-003	9.289669e-002	1.169265e+000	4.969587e-001
7.435952974633772e-003	1.382577e-001	1.167938e+000	4.966595e-001
7.445718599633772e-003	1.918303e-001	1.166619e+000	4.963535e-001
7.455484224633772e-003	2.531042e-001	1.165309e+000	4.960410e-001
7.465249849633772e-003	3.214953e-001	1.164006e+000	4.957223e-001
7.475015474633771e-003	3.963520e-001	1.162710e+000	4.953978e-001
7.484781099633771e-003	4.769610e-001	1.161422e+000	4.950677e-001
7.494546724633771e-003	5.625541e-001	1.160140e+000	4.947325e-001
7.504312349633771e-003	6.523157e-001	1.158865e+000	4.943923e-001
7.523843599633770e-003	8.408914e-001	1.156334e+000	4.936979e-001
7.553140474633770e-003	1.132788e+000	1.152579e+000	4.926251e-001
7.582437349633769e-003	1.413368e+000	1.148872e+000	4.915195e-001
7.592202974633769e-003	1.500180e+000	1.147646e+000	4.911444e-001
7.601968599633769e-003	1.582225e+000	1.146425e+000	4.907663e-001
7.611734224633768e-003	1.658722e+000	1.145209e+000	4.903853e-001
7.621499849633768e-003	1.728942e+000	1.144008e+000	4.900016e-001
7.631265474633768e-003	1.792215e+000	1.142918e+000	4.896156e-001
7.641031099633768e-003	1.847940e+000	1.142517e+000	4.892286e-001
7.650796724633768e-003	1.895585e+000	1.144804e+000	4.888475e-001
7.660562349633767e-003	1.934695e+000	1.153005e+000	4.884961e-001
7.670327974633767e-003	1.964898e+000	1.168305e+000	4.882402e-001
7.680093599633767e-003	1.985907e+000	1.187286e+000	4.882135e-001
7.689859224633767e-003	1.997521e+000	1.204592e+000	4.885920e-001
7.699624849633767e-003	1.999629e+000	1.216968e+000	4.894832e-001
7.709390474633766e-003	1.992212e+000	1.223908e+000	4.908129e-001
7.719156099633766e-003	1.975340e+000	1.226413e+000	4.923498e-001
7.728921724633766e-003	1.949173e+000	1.226004e+000	4.938494e-001
7.738687349633766e-003	1.913962e+000	1.224095e+000	4.951674e-001
7.748452974633766e-003	1.870041e+000	1.221653e+000	4.962667e-001
7.758218599633765e-003	1.817830e+000	1.219155e+000	4.971666e-001
7.767984224633765e-003	1.757826e+000	1.216759e+000	4.979011e-001
7.777749849633765e-003	1.690600e+000	1.214488e+000	4.985009e-001
7.787515474633765e-003	1.616793e+000	1.212327e+000	4.989900e-001
7.797281099633764e-003	1.537108e+000	1.210260e+000	4.993866e-001
7.807046724633764e-003	1.452306e+000	1.208273e+000	4.997049e-001
7.816812349633764e-003	1.363193e+000	1.206355e+000	4.999561e-001
7.826577974633764e-003	1.270620e+000	1.204496e+000	5.001491e-001
7.836343599633764e-003	1.175467e+000	1.202690e+000	5.002912e-001
7.846109224633763e-003	1.078643e+000	1.200931e+000	5.003885e-001
7.855874849633763e-003	9.810690e-001	1.199213e+000	5.004460e-001
7.865640474633763e-003	8.836755e-001	1.197532e+000	5.004678e-001
7.875406099633763e-003	7.873906e-001	1.195884e+000	5.004578e-001
7.885171724633763e-003	6.931316e-001	1.194267e+000	5.004190e-001
7.894937349633762e-003	6.017969e-001	1.192678e+000	5.003540e-001
7.904702974633762e-003	5.142567e-001	1.191114e+000	5.002652e-001
7.914468599633762e-003	4.313451e-001	1.189574e+000	5.001547e-001
7.924234224633762e-003	3.538525e-001	1.188055e+000	5.000243e-001
7.933999849633762e-003	2.825170e-001	1.186556e+000	4.998756e-001
7.943765474633761e-003	2.180186e-001	1.185076e+000	4.997100e-001
7.953531099633761e-003	1.609718e-001	1.183612e+000	4.995287e-001
7.963296724633761e-003	1.119202e-001	1.182165e+000	4.993330e-001
7.973062349633761e-003	7.133134e-002	1.180733e+000	4.991239e-001
7.982827974633761e-003	3.959189e-002	1.179315e+000	4.989022e-001
7.992593599633760e-003	1.700433e-002	1.177910e+000	4.986689e-001
8.002359224633760e-003	3.783888e-003	1.176518e+000	4.984247e-001
8.012124849633760e-003	5.655990e-005	1.175137e+000	4.981703e-001
8.021890474633760e-003	5.857859e-003	1.173768e+000	4.979064e-001
8.031656099633759e-003	2.113250e-002	1.172409e+000	4.976335e-001
8.041421724633759e-003	4.573494e-002	1.171060e+000	4.973522e-001
8.051187349633759e-003	7.943073e-002	1.169721e+000	4.970629e-001
8.060952974633759e-003	1.218988e-001	1.168391e+000	4.967662e-001
8.070718599633759e-003	1.727344e-001	1.167069e+000	4.964625e-001
8.080484224633758e-003	2.314532e-001	1.165756e+000	4.961521e-001
8.090249849633758e-003	2.974955e-001	1.164450e+000	4.958355e-001
8.100015474633758e-003	3.702322e-001	1.163152e+000	4.955129e-001
8.109781099633758e-003	4.489700e-001	1.161862e+000	4.951847e-001
8.119546724633758e-003	5.329587e-001	1.160578e+000	4.948511e-001
8.129312349633757e-003	6.213979e-001	1.159301e+000	4.945126e-001
8.148843599633757e-003	8.082225e-001	1.156765e+000	4.938213e-001
8.178140474633756e-003	1.099829e+000	1.153005e+000	4.927525e-001
8.207437349633756e-003	1.382929e+000	1.149293e+000	4.916503e-001
8.217202974633756e-003	1.471174e+000	1.148065e+000	4.912762e-001
8.226968599633755e-003	1.554929e+000	1.146842e+000	4.908991e-001
8.236734224633755e-003	1.633395e+000	1.145624e+000	4.905191e-001
8.246499849633755e-003	1.705827e+000	1.144415e+000	4.901363e-001
8.256265474633755e-003	1.771532e+000	1.143262e+000	4.897510e-001
8.266031099633754e-003	1.829885e+000	1.142494e+000	4.893640e-001
8.275796724633754e-003	1.880330e+000	1.143529e+000	4.889794e-001
8.285562349633754e-003	1.922387e+000	1.149391e+000	4.886133e-001
8.295327974633754e-003	1.955653e+000	1.162434e+000	4.883136e-001
8.305093599633754e-003	1.979814e+000	1.180775e+000	4.881900e-001
8.314859224633753e-003	1.994637e+000	1.199175e+000	4.884125e-001
8.324624849633753e-003	1.999982e+000	1.213398e+000	4.891276e-001
8.334390474633753e-003	1.995799e+000	1.222120e+000	4.903288e-001
8.344156099633753e-003	1.982126e+000	1.225971e+000	4.918254e-001
8.353921724633753e-003	1.959094e+000	1.226378e+000	4.933599e-001
8.363687349633752e-003	1.926923e+000	1.224844e+000	4.947482e-001
8.373452974633752e-003	1.885919e+000	1.222507e+000	4.959212e-001
8.383218599633752e-003	1.836473e+000	1.219999e+000	4.968851e-001
8.392984224633752e-003	1.779056e+000	1.217562e+000	4.976720e-001
8.402749849633752e-003	1.714216e+000	1.215250e+000	4.983146e-001
8.412515474633751e-003	1.642569e+000	1.213053e+000	4.988389e-001
8.422281099633751e-003	1.564800e+000	1.210956e+000	4.992652e-001
8.432046724633751e-003	1.481648e+000	1.208943e+000	4.996087e-001
8.441812349633751e-003	1.393907e+000	1.207003e+000	4.998815e-001
8.451577974633751e-003	1.302412e+000	1.205125e+000	5.000933e-001
8.461343599633750e-003	1.208035e+000	1.203302e+000	5.002520e-001
8.471109224633750e-003	1.111676e+000	1.201527e+000	5.003639e-001
8.480874849633750e-003	1.014253e+000	1.199795e+000	5.004343e-001
8.490640474633750e-003	9.166936e-001	1.198102e+000	5.004679e-001
8.500406099633749e-003	8.199283e-001	1.196444e+000	5.004683e-001
8.510171724633749e-003	7.248790e-001	1.194817e+000	5.004389e-001
8.519937349633749e-003	6.324513e-001	1.193218e+000	5.003825e-001
8.529702974633749e-003	5.435261e-001	1.191646e+000	5.003016e-001
8.539468599633749e-003	4.589507e-001	1.190098e+000	5.001983e-001
8.549234224633748e-003	3.795310e-001	1.188572e+000	5.000744e-001
8.558999849633748e-003	3.060239e-001	1.187067e+000	4.999318e-001
8.568765474633748e-003	2.391298e-001	1.185580e+000	4.997717e-001
8.578531099633748e-003	1.794862e-001	1.184111e+000	4.995957e-001
8.588296724633748e-003	1.276613e-001	1.182658e+000	4.994047e-001
8.598062349633747e-003	8.414917e-002	1.181221e+000	4.992000e-001
8.607827974633747e-003	4.936430e-002	1.179798e+000	4.989825e-001
8.617593599633747e-003	2.363820e-002	1.178389e+000	4.987531e-001
8.627359224633747e-003	7.216013e-003	1.176993e+000	4.985125e-001
8.637124849633747e-003	2.542287e-004	1.175609e+000	4.982615e-001
8.646890474633746e-003	2.819188e-003	1.174235e+000	4.980007e-001
8.656656099633746e-003	1.488645e-002	1.172873e+000	4.977308e-001
8.666421724633746e-003	3.634102e-002	1.171521e+000	4.974523e-001
8.676187349633746e-003	6.697846e-002	1.170178e+000	4.971657e-001
8.685952974633746e-003	1.065068e-001	1.168845e+000	4.968714e-001
8.695718599633745e-003	1.545494e-001	1.167521e+000	4.965701e-001
8.705484224633745e-003	2.106485e-001	1.166205e+000	4.962619e-001
8.715249849633745e-003	2.742694e-001	1.164896e+000	4.959473e-001
8.725015474633745e-003	3.448059e-001	1.163596e+000	4.956267e-001
8.734781099633745e-003	4.215858e-001	1.162303e+000	4.953004e-001
8.744546724633744e-003	5.038776e-001	1.161017e+000	4.949686e-001
8.754312349633744e-003	5.908970e-001	1.159737e+000	4.946317e-001
8.773843599633744e-003	7.757647e-001	1.157197e+000	4.939435e-001
8.803140474633743e-003	1.066761e+000	1.153432e+000	4.928789e-001
8.832437349633742e-003	1.352068e+000	1.149714e+000	4.917801e-001
8.842202974633742e-003	1.441649e+000	1.148485e+000	4.914072e-001
8.851968599633742e-003	1.527021e+000	1.147260e+000	4.910311e-001
8.861734224633742e-003	1.607372e+000	1.146040e+000	4.906520e-001
8.871499849633742e-003	1.681934e+000	1.144827e+000	4.902702e-001
8.881265474633741e-003	1.749999e+000	1.143642e+000	4.898857e-001
8.891031099633741e-003	1.810917e+000	1.142663e+000	4.894990e-001
8.900796724633741e-003	1.864107e+000	1.142815e+000	4.891127e-001
8.910562349633741e-003	1.909063e+000	1.146652e+000	4.887371e-001
8.920327974633741e-003	1.945356e+000	1.157211e+000	4.884062e-001
8.930093599633740e-003	1.972641e+000	1.174255e+000	4.882059e-001
8.939859224633740e-003	1.990658e+000	1.193238e+000	4.882903e-001
8.949624849633740e-003	1.999234e+000	1.209168e+000	4.888286e-001
8.959390474633740e-003	1.998289e+000	1.219758e+000	4.898778e-001
8.969156099633740e-003	1.987830e+000	1.225127e+000	4.913027e-001
8.978921724633739e-003	1.967959e+000	1.226528e+000	4.928504e-001
8.988687349633739e-003	1.938863e+000	1.225501e+000	4.943014e-001
8.998452974633739e-003	1.900821e+000	1.223342e+000	4.955493e-001
9.008218599633739e-003	1.854195e+000	1.220850e+000	4.965811e-001
9.017984224633738e-003	1.799429e+000	1.218377e+000	4.974242e-001
9.027749849633738e-003	1.737046e+000	1.216022e+000	4.981124e-001
9.037515474633738e-003	1.667638e+000	1.213788e+000	4.986743e-001
9.047281099633738e-003	1.591869e+000	1.211659e+000	4.991319e-001
9.057046724633738e-003	1.510460e+000	1.209619e+000	4.995020e-001
9.066812349633737e-003	1.424187e+000	1.207655e+000	4.997976e-001
9.076577974633737e-003	1.333871e+000	1.205757e+000	5.000292e-001
9.086343599633737e-003	1.240374e+000	1.203916e+000	5.002052e-001
9.096109224633737e-003	1.144586e+000	1.202125e+000	5.003322e-001
9.105874849633737e-003	1.047421e+000	1.200380e+000	5.004162e-001
9.115640474633736e-003	9.498033e-001	1.198674e+000	5.004618e-001
9.125406099633736e-003	8.526643e-001	1.197004e+000	5.004731e-001
9.135171724633736e-003	7.569293e-001	1.195367e+000	5.004535e-001
9.144937349633736e-003	6.635105e-001	1.193759e+000	5.004060e-001
9.154702974633736e-003	5.732982e-001	1.192178e+000	5.003331e-001
9.164468599633735e-003	4.871520e-001	1.190622e+000	5.002372e-001
9.174234224633735e-003	4.058928e-001	1.189089e+000	5.001201e-001
9.183999849633735e-003	3.302950e-001	1.187577e+000	4.999836e-001
9.193765474633735e-003	2.610788e-001	1.186084e+000	4.998293e-001
9.203531099633735e-003	1.989040e-001	1.184609e+000	4.996585e-001
9.213296724633734e-003	1.443630e-001	1.183151e+000	4.994725e-001
9.223062349633734e-003	9.797550e-002	1.181709e+000	4.992724e-001
9.232827974633734e-003	6.018352e-002	1.180281e+000	4.990591e-001
9.242593599633734e-003	3.134721e-002	1.178867e+000	4.988337e-001
9.252359224633733e-003	1.174136e-002	1.177467e+000	4.985968e-001
9.262124849633733e-003	1.552781e-003	1.176078e+000	4.983492e-001
9.271890474633733e-003	8.785760e-004	1.174701e+000	4.980917e-001
9.281656099633733e-003	9.725166e-003	1.173336e+000	4.978248e-001
9.291421724633733e-003	2.800825e-002	1.171980e+000	4.975491e-001
9.301187349633732e-003	5.555360e-002	1.170634e+000	4.972652e-001
9.310952974633732e-003	9.209874e-002	1.169298e+000	4.969735e-001
9.320718599633732e-003	1.372954e-001	1.167971e+000	4.966745e-001
9.330484224633732e-003	1.907130e-001	1.166652e+000	4.963686e-001
9.340249849633732e-003	2.518423e-001	1.165341e+000	4.960561e-001
9.350015474633731e-003	3.201010e-001	1.164038e+000	4.957375e-001
9.359781099633731e-003	3.948386e-001	1.162742e+000	4.954131e-001
9.369546724633731e-003	4.753428e-001	1.161454e+000	4.950831e-001
9.379312349633731e-003	5.608466e-001	1.160172e+000	4.947479e-001
9.389077974633731e-003	6.505352e-001	1.158897e+000	4.944078e-001
9.408609224633730e-003	8.390162e-001	1.156365e+000	4.937136e-001
9.437906099633730e-003	1.130905e+000	1.152610e+000	4.926410e-001
9.467202974633729e-003	1.411638e+000	1.148903e+000	4.915354e-001
9.476968599633729e-003	1.498534e+000	1.147677e+000	4.911604e-001
9.486734224633728e-003	1.580679e+000	1.146455e+000	4.907824e-001
9.496499849633728e-003	1.657291e+000	1.145239e+000	4.904014e-001
9.506265474633728e-003	1.727640e+000	1.144038e+000	4.900178e-001
9.516031099633728e-003	1.791055e+000	1.142943e+000	4.896318e-001
9.525796724633728e-003	1.846932e+000	1.142515e+000	4.892448e-001
9.535562349633727e-003	1.894738e+000	1.144719e+000	4.888634e-001
9.545327974633727e-003	1.934018e+000	1.152779e+000	4.885109e-001
9.555093599633727e-003	1.964398e+000	1.167958e+000	4.882521e-001
9.564859224633727e-003	1.985587e+000	1.186918e+000	4.882191e-001
9.574624849633727e-003	1.997386e+000	1.204297e+000	4.885880e-001
9.584390474633726e-003	1.999679e+000	1.216781e+000	4.894688e-001
9.594156099633726e-003	1.992447e+000	1.223820e+000	4.907915e-001
9.603921724633726e-003	1.975757e+000	1.226399e+000	4.923264e-001
9.613687349633726e-003	1.949770e+000	1.226031e+000	4.938281e-001
9.623452974633726e-003	1.914731e+000	1.224141e+000	4.951499e-001
9.633218599633725e-003	1.870976e+000	1.221704e+000	4.962531e-001
9.642984224633725e-003	1.818922e+000	1.219205e+000	4.971563e-001
9.652749849633725e-003	1.759064e+000	1.216807e+000	4.978936e-001
9.662515474633725e-003	1.691972e+000	1.214533e+000	4.984957e-001
9.672281099633725e-003	1.618287e+000	1.212371e+000	4.989866e-001
9.682046724633724e-003	1.538710e+000	1.210302e+000	4.993848e-001
9.691812349633724e-003	1.453999e+000	1.208313e+000	4.997044e-001
9.701577974633724e-003	1.364962e+000	1.206394e+000	4.999567e-001
9.711343599633724e-003	1.272448e+000	1.204535e+000	5.001507e-001
9.721109224633723e-003	1.177337e+000	1.202728e+000	5.002937e-001
9.730874849633723e-003	1.080536e+000	1.200967e+000	5.003917e-001
9.740640474633723e-003	9.829683e-001	1.199248e+000	5.004498e-001
9.750406099633723e-003	8.855625e-001	1.197567e+000	5.004724e-001
9.760171724633723e-003	7.892472e-001	1.195919e+000	5.004629e-001
9.769937349633722e-003	6.949402e-001	1.194301e+000	5.004246e-001
9.779702974633722e-003	6.035401e-001	1.192712e+000	5.003600e-001
9.789468599633722e-003	5.159180e-001	1.191148e+000	5.002717e-001
9.799234224633722e-003	4.329088e-001	1.189607e+000	5.001615e-001
9.808999849633722e-003	3.553035e-001	1.188087e+000	5.000315e-001
9.818765474633721e-003	2.838416e-001	1.186588e+000	4.998831e-001
9.828531099633721e-003	2.192041e-001	1.185107e+000	4.997178e-001
9.838296724633721e-003	1.620069e-001	1.183644e+000	4.995368e-001
9.848062349633721e-003	1.127951e-001	1.182196e+000	4.993414e-001
9.857827974633721e-003	7.203763e-002	1.180764e+000	4.991325e-001
9.867593599633720e-003	4.012287e-002	1.179345e+000	4.989110e-001
9.877359224633720e-003	1.735493e-002	1.177940e+000	4.986779e-001
9.887124849633720e-003	3.950787e-003	1.176548e+000	4.984339e-001
9.896890474633720e-003	3.815999e-005	1.175167e+000	4.981797e-001
9.906656099633720e-003	5.654335e-003	1.173798e+000	4.979159e-001
9.916421724633719e-003	2.074580e-002	1.172439e+000	4.976432e-001
9.926187349633719e-003	4.516874e-002	1.171090e+000	4.973620e-001
9.935952974633719e-003	7.869042e-002	1.169750e+000	4.970729e-001
9.945718599633719e-003	1.209914e-001	1.168420e+000	4.967763e-001
9.955484224633718e-003	1.716686e-001	1.167098e+000	4.964727e-001
9.965249849633718e-003	2.302392e-001	1.165785e+000	4.961624e-001
9.975015474633718e-003	2.961448e-001	1.164479e+000	4.958459e-001
9.984781099633718e-003	3.687577e-001	1.163181e+000	4.955234e-001
9.994546724633718e-003	4.473858e-001	1.161889e+000	4.951959e-001
1.000000000000000e-002	4.936344e-001	1.161170e+000	4.950110e-001
